       0
       0
    2047
    2047
    4094
    6141
    6141
    8188
   10235
   10235
   12282
   12282
   14329
   16376
   16376
   18423
   20470
   20470
   22517
   22517
   24564
   26611
   26611
   28658
   30705
   30705
   32752
   32752
   34799
   36846
   36846
   38893
   40940
   40940
   42987
   42966
   45012
   47058
   47058
   49104
   51150
   51150
   53196
   55242
   55242
   57288
   57288
   59334
   61380
   61380
   63426
   65472
   65472
   67518
   67518
   69564
   71610
   71610
   73656
   75702
   75702
   77748
   77748
   79794
   81840
   81840
   83886
   85932
   85932
   87978
   87978
   90024
   92070
   92070
   94070
   96115
   96115
   98160
   98160
  100205
  102250
  102250
  104295
  106340
  106340
  108385
  110430
  110430
  112475
  112475
  114520
  116565
  116565
  118610
  120655
  120655
  122700
  122700
  124745
  126790
  126790
  128835
  130880
  130880
  132925
  132925
  134970
  137015
  137015
  139060
  141105
  141105
  143150
  142870
  144911
  146952
  146952
  148993
  151034
  151034
  153075
  153075
  155116
  157157
  157157
  159198
  161239
  161239
  163280
  163280
  165321
  167362
  167362
  169403
  171444
  171444
  173485
  173485
  175526
  177567
  177567
  179608
  181649
  181649
  183690
  183690
  185731
  187772
  187772
  189813
  191854
  191854
  193515
  193515
  195552
  197589
  197589
  199626
  201663
  201663
  203700
  203700
  205737
  207774
  207774
  209811
  211848
  211848
  213885
  213885
  215922
  217959
  217959
  219996
  222033
  222033
  224070
  224070
  226107
  228144
  228144
  230181
  232218
  232218
  234255
  234255
  236292
  238329
  238329
  240366
  242403
  241808
  243840
  243840
  245872
  247904
  247904
  249936
  251968
  251968
  254000
  254000
  256032
  258064
  258064
  260096
  262128
  262128
  264160
  264160
  266192
  268224
  268224
  270256
  272288
  272288
  274320
  274320
  276352
  278384
  278384
  280416
  282448
  282448
  284480
  284480
  286512
  288544
  288544
  290576
  291600
  291600
  293625
  293625
  295650
  297675
  297675
  299700
  299700
  301725
  303750
  303750
  305775
  307800
  307800
  309825
  309825
  311850
  313875
  313875
  315900
  317925
  317925
  319950
  319950
  321975
  324000
  324000
  326025
  328050
  328050
  330075
  330075
  332100
  334125
  334125
  336150
  336150
  338175
  338856
  338856
  340873
  342890
  342890
  344907
  344907
  346924
  348941
  348941
  350958
  352975
  352975
  354992
  354992
  357009
  359026
  359026
  361043
  361043
  363060
  365077
  365077
  367094
  369111
  369111
  371128
  371128
  373145
  375162
  375162
  377179
  377179
  379196
  381213
  381213
  383230
  385247
  385247
  385536
  385536
  387544
  389552
  389552
  391560
  393568
  393568
  395576
  395576
  397584
  399592
  399592
  401600
  401600
  403608
  405616
  405616
  407624
  409632
  409632
  411640
  411640
  413648
  415656
  415656
  417664
  417664
  419672
  421680
  421680
  423688
  425696
  425696
  427704
  427704
  429712
  431720
  431720
  431352
  431352
  433349
  435346
  435346
  437343
  437343
  439340
  441337
  441337
  443334
  445331
  445331
  447328
  447328
  449325
  451322
  451322
  453319
  453319
  455316
  457313
  457313
  459310
  461307
  461307
  463304
  463304
  465301
  467298
  467298
  469295
  469295
  471292
  473289
  473289
  475286
  475286
  477283
  476640
  476640
  478626
  478626
  480612
  482598
  482598
  484584
  486570
  486570
  488556
  488556
  490542
  492528
  492528
  494514
  494514
  496500
  498486
  498486
  500472
  500472
  502458
  504444
  504444
  506430
  506430
  508416
  510402
  510402
  512388
  514374
  514374
  516360
  516360
  518346
  520332
  520332
  522318
  518899
  520872
  522845
  522845
  524818
  524818
  526791
  528764
  528764
  530737
  530737
  532710
  534683
  534683
  536656
  536656
  538629
  540602
  540602
  542575
  542575
  544548
  546521
  546521
  548494
  548494
  550467
  552440
  552440
  554413
  556386
  556386
  558359
  558359
  560332
  562305
  562305
  564278
  564278
  562233
  564192
  564192
  566151
  566151
  568110
  570069
  570069
  572028
  572028
  573987
  575946
  575946
  577905
  577905
  579864
  581823
  581823
  583782
  583782
  585741
  587700
  587700
  589659
  589659
  591618
  593577
  593577
  595536
  595536
  597495
  599454
  599454
  601413
  601413
  603372
  605331
  605331
  607290
  602640
  604584
  606528
  606528
  608472
  608472
  610416
  610416
  612360
  614304
  614304
  616248
  616248
  618192
  620136
  620136
  622080
  622080
  624024
  625968
  625968
  627912
  627912
  629856
  631800
  631800
  633744
  633744
  635688
  637632
  637632
  639576
  639576
  641520
  643464
  643464
  645408
  645408
  647352
  643618
  643618
  645545
  645545
  647472
  647472
  649399
  651326
  651326
  653253
  653253
  655180
  657107
  657107
  659034
  659034
  660961
  662888
  662888
  664815
  664815
  666742
  668669
  668669
  670596
  670596
  672523
  672523
  674450
  676377
  676377
  678304
  678304
  680231
  682158
  682158
  684085
  684085
  686012
  679960
  681870
  683780
  683780
  685690
  685690
  687600
  689510
  689510
  691420
  691420
  693330
  695240
  695240
  697150
  697150
  699060
  699060
  700970
  702880
  702880
  704790
  704790
  706700
  708610
  708610
  710520
  710520
  712430
  712430
  714340
  716250
  716250
  718160
  718160
  720070
  721980
  721980
  723890
  723890
  718580
  718580
  720471
  722362
  722362
  724253
  724253
  726144
  728035
  728035
  729926
  729926
  731817
  731817
  733708
  735599
  735599
  737490
  737490
  739381
  739381
  741272
  743163
  743163
  745054
  745054
  746945
  746945
  748836
  750727
  750727
  752618
  752618
  754509
  756400
  756400
  758291
  758291
  760182
  752142
  754013
  755884
  755884
  757755
  757755
  759626
  759626
  761497
  763368
  763368
  765239
  765239
  767110
  767110
  768981
  770852
  770852
  772723
  772723
  774594
  774594
  776465
  778336
  778336
  780207
  780207
  782078
  782078
  783949
  785820
  785820
  787691
  787691
  789562
  789562
  791433
  793304
  793304
  786250
  786250
  788100
  788100
  789950
  791800
  791800
  793650
  793650
  795500
  795500
  797350
  799200
  799200
  801050
  801050
  802900
  802900
  804750
  804750
  806600
  808450
  808450
  810300
  810300
  812150
  812150
  814000
  815850
  815850
  817700
  817700
  819550
  819550
  821400
  823250
  823250
  825100
  825100
  817116
  817116
  818944
  818944
  820772
  822600
  822600
  824428
  824428
  826256
  826256
  828084
  828084
  829912
  831740
  831740
  833568
  833568
  835396
  835396
  837224
  839052
  839052
  840880
  840880
  842708
  842708
  844536
  844536
  846364
  848192
  848192
  850020
  850020
  851848
  851848
  853676
  853676
  855504
  846545
  846545
  848350
  848350
  850155
  850155
  851960
  851960
  853765
  855570
  855570
  857375
  857375
  859180
  859180
  860985
  860985
  862790
  862790
  864595
  866400
  866400
  868205
  868205
  870010
  870010
  871815
  871815
  873620
  875425
  875425
  877230
  877230
  879035
  879035
  880840
  880840
  882645
  882645
  872690
  874471
  874471
  876252
  876252
  878033
  878033
  879814
  879814
  881595
  883376
  883376
  885157
  885157
  886938
  886938
  888719
  888719
  890500
  890500
  892281
  892281
  894062
  895843
  895843
  897624
  897624
  899405
  899405
  901186
  901186
  902967
  902967
  904748
  906529
  906529
  908310
  908310
  910091
  897316
  899072
  899072
  900828
  900828
  902584
  902584
  904340
  906096
  906096
  907852
  907852
  909608
  909608
  911364
  911364
  913120
  913120
  914876
  914876
  916632
  918388
  918388
  920144
  920144
  921900
  921900
  923656
  923656
  925412
  925412
  927168
  927168
  928924
  928924
  930680
  932436
  932436
  934192
  919828
  921557
  921557
  923286
  923286
  925015
  925015
  926744
  926744
  928473
  928473
  930202
  931931
  931931
  933660
  933660
  935389
  935389
  937118
  937118
  938847
  938847
  940576
  940576
  942305
  942305
  944034
  944034
  945763
  945763
  947492
  949221
  949221
  950950
  950950
  952679
  952679
  954408
  954408
  941206
  941206
  942908
  942908
  944610
  944610
  946312
  946312
  948014
  948014
  949716
  949716
  951418
  953120
  953120
  954822
  954822
  956524
  956524
  958226
  958226
  959928
  959928
  961630
  961630
  963332
  963332
  965034
  965034
  966736
  966736
  968438
  968438
  970140
  970140
  971842
  971842
  973544
  973544
  959202
  959202
  960876
  962550
  962550
  964224
  964224
  965898
  965898
  967572
  967572
  969246
  969246
  970920
  970920
  972594
  972594
  974268
  974268
  975942
  975942
  977616
  977616
  979290
  979290
  980964
  980964
  982638
  982638
  984312
  984312
  985986
  985986
  987660
  987660
  989334
  989334
  991008
  991008
  974892
  974892
  976536
  976536
  978180
  978180
  979824
  979824
  981468
  981468
  983112
  983112
  984756
  984756
  986400
  986400
  988044
  988044
  989688
  989688
  991332
  991332
  992976
  992976
  994620
  994620
  996264
  996264
  997908
  997908
  999552
  999552
 1001196
 1001196
 1002840
 1002840
 1004484
 1004484
 1006128
  987768
  989382
  989382
  990996
  990996
  992610
  992610
  994224
  994224
  995838
  995838
  997452
  997452
  999066
  999066
 1000680
 1000680
 1002294
 1002294
 1003908
 1003908
 1005522
 1005522
 1007136
 1007136
 1008750
 1008750
 1010364
 1010364
 1011978
 1011978
 1013592
 1013592
 1015206
 1015206
 1016820
 1016820
 1018434
 1018434
  999824
  999824
 1001406
 1001406
 1002988
 1002988
 1004570
 1004570
 1004570
 1006152
 1006152
 1007734
 1007734
 1009316
 1009316
 1010898
 1010898
 1012480
 1012480
 1014062
 1014062
 1015644
 1015644
 1017226
 1017226
 1018808
 1018808
 1020390
 1020390
 1021972
 1021972
 1023554
 1023554
 1025136
 1025136
 1025136
 1026718
 1026718
 1028300
 1007500
 1009050
 1009050
 1010600
 1010600
 1012150
 1012150
 1013700
 1013700
 1015250
 1015250
 1016800
 1016800
 1018350
 1018350
 1019900
 1019900
 1019900
 1021450
 1021450
 1023000
 1023000
 1024550
 1024550
 1026100
 1026100
 1027650
 1027650
 1029200
 1029200
 1030750
 1030750
 1032300
 1032300
 1032300
 1033850
 1033850
 1035400
 1035400
 1014873
 1014873
 1016390
 1016390
 1017907
 1017907
 1019424
 1019424
 1020941
 1020941
 1020941
 1022458
 1022458
 1023975
 1023975
 1025492
 1025492
 1027009
 1027009
 1028526
 1028526
 1030043
 1030043
 1030043
 1031560
 1031560
 1033077
 1033077
 1034594
 1034594
 1036111
 1036111
 1037628
 1037628
 1039145
 1039145
 1039145
 1040662
 1040662
 1018821
 1018821
 1020304
 1020304
 1021787
 1021787
 1023270
 1023270
 1023270
 1024753
 1024753
 1026236
 1026236
 1027719
 1027719
 1029202
 1029202
 1030685
 1030685
 1030685
 1032168
 1032168
 1033651
 1033651
 1035134
 1035134
 1036617
 1036617
 1036617
 1038100
 1038100
 1039583
 1039583
 1041066
 1041066
 1042549
 1042549
 1042549
 1044032
 1044032
 1020135
 1020135
 1021582
 1021582
 1023029
 1023029
 1023029
 1024476
 1024476
 1025923
 1025923
 1027370
 1027370
 1028817
 1028817
 1028817
 1030264
 1030264
 1031711
 1031711
 1033158
 1033158
 1034605
 1034605
 1034605
 1036052
 1036052
 1037499
 1037499
 1038946
 1038946
 1040393
 1040393
 1040393
 1041840
 1041840
 1043287
 1043287
 1044734
 1018742
 1018742
 1020153
 1020153
 1021564
 1021564
 1022975
 1022975
 1022975
 1024386
 1024386
 1025797
 1025797
 1027208
 1027208
 1027208
 1028619
 1028619
 1030030
 1030030
 1031441
 1031441
 1031441
 1032852
 1032852
 1034263
 1034263
 1035674
 1035674
 1035674
 1037085
 1037085
 1038496
 1038496
 1039907
 1039907
 1039907
 1041318
 1041318
 1016125
 1016125
 1017500
 1017500
 1017500
 1018875
 1018875
 1020250
 1020250
 1021625
 1021625
 1021625
 1023000
 1023000
 1024375
 1024375
 1024375
 1025750
 1025750
 1027125
 1027125
 1028500
 1028500
 1028500
 1029875
 1029875
 1031250
 1031250
 1031250
 1032625
 1032625
 1034000
 1034000
 1035375
 1035375
 1035375
 1036750
 1036750
 1038125
 1009435
 1009435
 1010772
 1010772
 1012109
 1012109
 1012109
 1013446
 1013446
 1014783
 1014783
 1014783
 1016120
 1016120
 1017457
 1017457
 1018794
 1018794
 1018794
 1020131
 1020131
 1021468
 1021468
 1021468
 1022805
 1022805
 1024142
 1024142
 1024142
 1025479
 1025479
 1026816
 1026816
 1026816
 1028153
 1028153
 1029490
 1029490
 1029490
 1001529
 1001529
 1002828
 1002828
 1002828
 1004127
 1004127
 1005426
 1005426
 1005426
 1006725
 1006725
 1008024
 1008024
 1008024
 1009323
 1009323
 1010622
 1010622
 1010622
 1011921
 1011921
 1013220
 1013220
 1013220
 1014519
 1014519
 1014519
 1015818
 1015818
 1017117
 1017117
 1017117
 1018416
 1018416
 1019715
 1019715
 1019715
 1021014
  989574
  990833
  990833
  990833
  992092
  992092
  992092
  993351
  993351
  994610
  994610
  994610
  995869
  995869
  997128
  997128
  997128
  998387
  998387
  998387
  999646
  999646
 1000905
 1000905
 1000905
 1002164
 1002164
 1003423
 1003423
 1003423
 1004682
 1004682
 1004682
 1005941
 1005941
 1007200
 1007200
 1007200
 1008459
  976419
  976419
  977638
  977638
  978857
  978857
  978857
  980076
  980076
  980076
  981295
  981295
  982514
  982514
  982514
  983733
  983733
  983733
  984952
  984952
  986171
  986171
  986171
  987390
  987390
  987390
  988609
  988609
  988609
  989828
  989828
  991047
  991047
  991047
  992266
  992266
  992266
  993485
  993485
  960885
  962064
  962064
  963243
  963243
  963243
  964422
  964422
  964422
  965601
  965601
  965601
  966780
  966780
  967959
  967959
  967959
  969138
  969138
  969138
  970317
  970317
  970317
  971496
  971496
  971496
  972675
  972675
  973854
  973854
  973854
  975033
  975033
  975033
  976212
  976212
  976212
  977391
  977391
  942573
  943710
  943710
  943710
  944847
  944847
  944847
  945984
  945984
  947121
  947121
  947121
  948258
  948258
  948258
  949395
  949395
  949395
  950532
  950532
  950532
  951669
  951669
  951669
  952806
  952806
  952806
  953943
  953943
  953943
  955080
  955080
  955080
  956217
  956217
  956217
  957354
  957354
  957354
  923085
  923085
  923085
  924180
  924180
  925275
  925275
  925275
  926370
  926370
  926370
  927465
  927465
  927465
  928560
  928560
  928560
  929655
  929655
  929655
  930750
  930750
  930750
  930750
  931845
  931845
  931845
  932940
  932940
  932940
  934035
  934035
  934035
  935130
  935130
  935130
  936225
  936225
  936225
  900512
  900512
  900512
  901564
  901564
  901564
  902616
  902616
  902616
  903668
  903668
  903668
  904720
  904720
  904720
  905772
  905772
  905772
  906824
  906824
  906824
  906824
  907876
  907876
  907876
  908928
  908928
  908928
  909980
  909980
  909980
  911032
  911032
  911032
  912084
  912084
  912084
  913136
  913136
  875812
  875812
  876821
  876821
  876821
  877830
  877830
  877830
  878839
  878839
  878839
  879848
  879848
  879848
  879848
  880857
  880857
  880857
  881866
  881866
  881866
  882875
  882875
  882875
  883884
  883884
  883884
  883884
  884893
  884893
  884893
  885902
  885902
  885902
  886911
  886911
  886911
  886911
  887920
  849200
  849200
  850165
  850165
  850165
  850165
  851130
  851130
  851130
  852095
  852095
  852095
  853060
  853060
  853060
  853060
  854025
  854025
  854025
  854990
  854990
  854990
  854990
  855955
  855955
  855955
  856920
  856920
  856920
  857885
  857885
  857885
  857885
  858850
  858850
  858850
  859815
  859815
  859815
  819720
  820640
  820640
  820640
  820640
  821560
  821560
  821560
  822480
  822480
  822480
  822480
  823400
  823400
  823400
  824320
  824320
  824320
  824320
  825240
  825240
  825240
  826160
  826160
  826160
  826160
  827080
  827080
  827080
  827080
  828000
  828000
  828000
  828920
  828920
  828920
  828920
  829840
  829840
  789250
  789250
  790125
  790125
  790125
  791000
  791000
  791000
  791000
  791875
  791875
  791875
  791875
  792750
  792750
  792750
  792750
  793625
  793625
  793625
  794500
  794500
  794500
  794500
  795375
  795375
  795375
  795375
  796250
  796250
  796250
  796250
  797125
  797125
  797125
  797125
  798000
  798000
  798000
  756960
  757790
  757790
  757790
  757790
  758620
  758620
  758620
  758620
  759450
  759450
  759450
  759450
  760280
  760280
  760280
  761110
  761110
  761110
  761110
  761940
  761940
  761940
  761940
  761940
  762770
  762770
  762770
  762770
  763600
  763600
  763600
  763600
  764430
  764430
  764430
  764430
  765260
  765260
  765260
  721926
  722709
  722709
  722709
  722709
  723492
  723492
  723492
  723492
  724275
  724275
  724275
  724275
  725058
  725058
  725058
  725058
  725058
  725841
  725841
  725841
  725841
  726624
  726624
  726624
  726624
  727407
  727407
  727407
  727407
  728190
  728190
  728190
  728190
  728190
  728973
  728973
  728973
  728973
  686884
  686884
  686884
  686884
  686884
  687621
  687621
  687621
  687621
  688358
  688358
  688358
  688358
  688358
  689095
  689095
  689095
  689095
  689832
  689832
  689832
  689832
  689832
  690569
  690569
  690569
  690569
  691306
  691306
  691306
  691306
  691306
  692043
  692043
  692043
  692043
  692780
  692780
  692780
  648600
  648600
  649290
  649290
  649290
  649290
  649290
  649980
  649980
  649980
  649980
  649980
  650670
  650670
  650670
  650670
  651360
  651360
  651360
  651360
  651360
  652050
  652050
  652050
  652050
  652050
  652740
  652740
  652740
  652740
  652740
  653430
  653430
  653430
  653430
  653430
  654120
  654120
  654120
  608616
  608616
  609258
  609258
  609258
  609258
  609258
  609900
  609900
  609900
  609900
  609900
  610542
  610542
  610542
  610542
  610542
  611184
  611184
  611184
  611184
  611184
  611184
  611826
  611826
  611826
  611826
  611826
  612468
  612468
  612468
  612468
  612468
  613110
  613110
  613110
  613110
  613110
  613110
  567864
  567864
  567864
  567864
  567864
  568458
  568458
  568458
  568458
  568458
  568458
  569052
  569052
  569052
  569052
  569052
  569646
  569646
  569646
  569646
  569646
  569646
  570240
  570240
  570240
  570240
  570240
  570240
  570834
  570834
  570834
  570834
  570834
  571428
  571428
  571428
  571428
  571428
  571428
  525798
  525798
  525798
  525798
  525798
  525798
  526344
  526344
  526344
  526344
  526344
  526344
  526890
  526890
  526890
  526890
  526890
  526890
  527436
  527436
  527436
  527436
  527436
  527436
  527982
  527982
  527982
  527982
  527982
  527982
  527982
  528528
  528528
  528528
  528528
  528528
  528528
  529074
  529074
  481593
  481593
  481593
  481593
  481593
  482090
  482090
  482090
  482090
  482090
  482090
  482587
  482587
  482587
  482587
  482587
  482587
  482587
  483084
  483084
  483084
  483084
  483084
  483084
  483084
  483581
  483581
  483581
  483581
  483581
  483581
  483581
  484078
  484078
  484078
  484078
  484078
  484078
  484078
  437775
  437775
  437775
  437775
  437775
  437775
  437775
  438224
  438224
  438224
  438224
  438224
  438224
  438224
  438673
  438673
  438673
  438673
  438673
  438673
  438673
  438673
  439122
  439122
  439122
  439122
  439122
  439122
  439122
  439122
  439571
  439571
  439571
  439571
  439571
  439571
  439571
  439571
  440020
  391020
  391020
  391020
  391020
  391020
  391020
  391020
  391419
  391419
  391419
  391419
  391419
  391419
  391419
  391419
  391818
  391818
  391818
  391818
  391818
  391818
  391818
  391818
  391818
  392217
  392217
  392217
  392217
  392217
  392217
  392217
  392217
  392616
  392616
  392616
  392616
  392616
  392616
  392616
  344400
  344400
  344750
  344750
  344750
  344750
  344750
  344750
  344750
  344750
  344750
  344750
  345100
  345100
  345100
  345100
  345100
  345100
  345100
  345100
  345100
  345100
  345450
  345450
  345450
  345450
  345450
  345450
  345450
  345450
  345450
  345450
  345800
  345800
  345800
  345800
  345800
  345800
  345800
  296400
  296400
  296400
  296700
  296700
  296700
  296700
  296700
  296700
  296700
  296700
  296700
  296700
  296700
  297000
  297000
  297000
  297000
  297000
  297000
  297000
  297000
  297000
  297000
  297000
  297000
  297300
  297300
  297300
  297300
  297300
  297300
  297300
  297300
  297300
  297300
  297300
  297300
  297600
  248992
  248992
  248992
  248992
  248992
  248992
  248992
  248992
  248992
  248992
  248992
  248992
  249243
  249243
  249243
  249243
  249243
  249243
  249243
  249243
  249243
  249243
  249243
  249243
  249243
  249243
  249494
  249494
  249494
  249494
  249494
  249494
  249494
  249494
  249494
  249494
  249494
  249494
  249494
  199794
  199794
  199995
  199995
  199995
  199995
  199995
  199995
  199995
  199995
  199995
  199995
  199995
  199995
  199995
  199995
  199995
  199995
  199995
  200196
  200196
  200196
  200196
  200196
  200196
  200196
  200196
  200196
  200196
  200196
  200196
  200196
  200196
  200196
  200196
  200196
  200196
  200196
  200397
  150547
  150547
  150547
  150547
  150547
  150547
  150547
  150547
  150547
  150547
  150547
  150547
  150547
  150547
  150547
  150547
  150547
  150547
  150547
  150547
  150547
  150547
  150698
  150698
  150698
  150698
  150698
  150698
  150698
  150698
  150698
  150698
  150698
  150698
  150698
  150698
  150698
  150698
  150698
   99800
   99800
   99800
   99800
   99800
   99800
   99800
   99800
   99800
   99800
   99800
   99800
   99900
   99900
   99900
   99900
   99900
   99900
   99900
   99900
   99900
   99900
   99900
   99900
   99900
   99900
   99900
   99900
   99900
   99900
   99900
   99900
   99900
   99900
   99900
   99900
   99900
   99900
   99900
   49950
   49950
   49950
   49950
   49950
   49950
   49950
   49950
   49950
   49950
   49950
   49950
   49950
   49950
   49950
   49950
   49950
   49950
   49950
   49950
   49950
   49950
   49950
   49950
   49950
   49950
   49950
   49950
   49950
   49950
   49950
   49950
   49950
   49950
   49950
   49950
   49950
   49950
   49950
   49950
       0
       0
       0
       0
       0
       0
       0
       0
       0
       0
       0
       0
       0
       0
       0
       0
       0
       0
       0
       0
       0
       0
       0
       0
       0
       0
       0
       0
       0
       0
       0
       0
       0
       0
       0
       0
       0
       0
       0
  -49950
  -49950
  -49950
  -49950
  -49950
  -49950
  -49950
  -49950
  -49950
  -49950
  -49950
  -49950
  -49950
  -49950
  -49950
  -49950
  -49950
  -49950
  -49950
  -49950
  -49950
  -49950
  -49950
  -49950
  -49950
  -49950
  -49950
  -49950
  -49950
  -49950
  -49950
  -49950
  -49950
  -49950
  -49950
  -49950
  -49950
  -49900
  -49900
  -99800
  -99800
  -99800
  -99800
  -99800
  -99800
  -99800
  -99800
  -99800
  -99800
  -99800
  -99800
  -99800
  -99800
  -99800
  -99800
  -99800
  -99800
  -99800
  -99800
  -99800
  -99800
  -99800
  -99800
  -99800
  -99800
  -99800
  -99700
  -99700
  -99700
  -99700
  -99700
  -99700
  -99700
  -99700
  -99700
  -99700
  -99700
  -99700
 -150547
 -150547
 -150547
 -150547
 -150547
 -150547
 -150547
 -150547
 -150547
 -150547
 -150547
 -150396
 -150396
 -150396
 -150396
 -150396
 -150396
 -150396
 -150396
 -150396
 -150396
 -150396
 -150396
 -150396
 -150396
 -150396
 -150396
 -150396
 -150396
 -150396
 -150245
 -150245
 -150245
 -150245
 -150245
 -150245
 -150245
 -150245
 -150245
 -199995
 -199995
 -199995
 -199995
 -199995
 -199995
 -199995
 -199995
 -199794
 -199794
 -199794
 -199794
 -199794
 -199794
 -199794
 -199794
 -199794
 -199794
 -199794
 -199794
 -199794
 -199794
 -199794
 -199593
 -199593
 -199593
 -199593
 -199593
 -199593
 -199593
 -199593
 -199593
 -199593
 -199593
 -199593
 -199593
 -199593
 -199392
 -199392
 -248992
 -248992
 -248992
 -248992
 -248992
 -248992
 -248992
 -248992
 -248992
 -248992
 -248992
 -248741
 -248741
 -248741
 -248741
 -248741
 -248741
 -248741
 -248741
 -248741
 -248741
 -248741
 -248741
 -248490
 -248490
 -248490
 -248490
 -248490
 -248490
 -248490
 -248490
 -248490
 -248490
 -248490
 -248490
 -248239
 -248239
 -248239
 -248239
 -296700
 -296700
 -296700
 -296700
 -296700
 -296700
 -296700
 -296400
 -296400
 -296400
 -296400
 -296400
 -296400
 -296400
 -296400
 -296400
 -296400
 -296100
 -296100
 -296100
 -296100
 -296100
 -296100
 -296100
 -296100
 -296100
 -296100
 -295800
 -295800
 -295800
 -295800
 -295800
 -295800
 -295800
 -295800
 -295800
 -295800
 -295500
 -295500
 -344750
 -344750
 -344750
 -344750
 -344750
 -344750
 -344750
 -344750
 -344400
 -344400
 -344400
 -344400
 -344400
 -344400
 -344400
 -344400
 -344400
 -344050
 -344050
 -344050
 -344050
 -344050
 -344050
 -344050
 -344050
 -343700
 -343700
 -343700
 -343700
 -343700
 -343700
 -343700
 -343700
 -343700
 -343350
 -343350
 -343350
 -343350
 -343350
 -391419
 -391419
 -391419
 -391020
 -391020
 -391020
 -391020
 -391020
 -391020
 -391020
 -391020
 -390621
 -390621
 -390621
 -390621
 -390621
 -390621
 -390621
 -390621
 -390222
 -390222
 -390222
 -390222
 -390222
 -390222
 -390222
 -390222
 -389823
 -389823
 -389823
 -389823
 -389823
 -389823
 -389823
 -389823
 -389424
 -389424
 -389424
 -389424
 -438224
 -438224
 -438224
 -437775
 -437775
 -437775
 -437775
 -437775
 -437775
 -437775
 -437326
 -437326
 -437326
 -437326
 -437326
 -437326
 -437326
 -436877
 -436877
 -436877
 -436877
 -436877
 -436877
 -436877
 -436428
 -436428
 -436428
 -436428
 -436428
 -436428
 -436428
 -435979
 -435979
 -435979
 -435979
 -435979
 -435979
 -435979
 -435530
 -482090
 -482090
 -482090
 -482090
 -482090
 -481593
 -481593
 -481593
 -481593
 -481593
 -481593
 -481593
 -481096
 -481096
 -481096
 -481096
 -481096
 -481096
 -480599
 -480599
 -480599
 -480599
 -480599
 -480599
 -480599
 -480102
 -480102
 -480102
 -480102
 -480102
 -480102
 -479605
 -479605
 -479605
 -479605
 -479605
 -479605
 -479108
 -479108
 -526344
 -526344
 -526344
 -526344
 -525798
 -525798
 -525798
 -525798
 -525798
 -525798
 -525252
 -525252
 -525252
 -525252
 -525252
 -525252
 -524706
 -524706
 -524706
 -524706
 -524706
 -524160
 -524160
 -524160
 -524160
 -524160
 -524160
 -523614
 -523614
 -523614
 -523614
 -523614
 -523614
 -523068
 -523068
 -523068
 -523068
 -523068
 -522522
 -568458
 -568458
 -568458
 -568458
 -568458
 -567864
 -567864
 -567864
 -567864
 -567864
 -567270
 -567270
 -567270
 -567270
 -567270
 -567270
 -566676
 -566676
 -566676
 -566676
 -566676
 -566082
 -566082
 -566082
 -566082
 -566082
 -565488
 -565488
 -565488
 -565488
 -565488
 -565488
 -564894
 -564894
 -564894
 -564894
 -564894
 -564300
 -564300
 -609900
 -609900
 -609900
 -609258
 -609258
 -609258
 -609258
 -609258
 -608616
 -608616
 -608616
 -608616
 -608616
 -607974
 -607974
 -607974
 -607974
 -607974
 -607332
 -607332
 -607332
 -607332
 -607332
 -606690
 -606690
 -606690
 -606690
 -606690
 -606048
 -606048
 -606048
 -606048
 -606048
 -605406
 -605406
 -605406
 -605406
 -604764
 -604764
 -649980
 -649980
 -649980
 -649290
 -649290
 -649290
 -649290
 -649290
 -648600
 -648600
 -648600
 -648600
 -648600
 -647910
 -647910
 -647910
 -647910
 -647220
 -647220
 -647220
 -647220
 -647220
 -646530
 -646530
 -646530
 -646530
 -645840
 -645840
 -645840
 -645840
 -645840
 -645150
 -645150
 -645150
 -645150
 -644460
 -644460
 -644460
 -644460
 -688358
 -687621
 -687621
 -687621
 -687621
 -686884
 -686884
 -686884
 -686884
 -686884
 -686147
 -686147
 -686147
 -686147
 -685410
 -685410
 -685410
 -685410
 -685410
 -684673
 -684673
 -684673
 -684673
 -683936
 -683936
 -683936
 -683936
 -683199
 -683199
 -683199
 -683199
 -682462
 -682462
 -682462
 -682462
 -682462
 -681725
 -681725
 -681725
 -681725
 -723492
 -723492
 -723492
 -723492
 -722709
 -722709
 -722709
 -722709
 -721926
 -721926
 -721926
 -721926
 -721143
 -721143
 -721143
 -721143
 -720360
 -720360
 -720360
 -720360
 -719577
 -719577
 -719577
 -719577
 -718794
 -718794
 -718794
 -718794
 -718794
 -718011
 -718011
 -718011
 -718011
 -717228
 -717228
 -717228
 -716445
 -716445
 -716445
 -759450
 -758620
 -758620
 -758620
 -758620
 -757790
 -757790
 -757790
 -757790
 -756960
 -756960
 -756960
 -756960
 -756130
 -756130
 -756130
 -756130
 -755300
 -755300
 -755300
 -755300
 -754470
 -754470
 -754470
 -754470
 -753640
 -753640
 -753640
 -753640
 -752810
 -752810
 -752810
 -751980
 -751980
 -751980
 -751980
 -751150
 -751150
 -751150
 -791875
 -791000
 -791000
 -791000
 -791000
 -790125
 -790125
 -790125
 -789250
 -789250
 -789250
 -789250
 -788375
 -788375
 -788375
 -788375
 -787500
 -787500
 -787500
 -786625
 -786625
 -786625
 -786625
 -785750
 -785750
 -785750
 -785750
 -784875
 -784875
 -784875
 -784000
 -784000
 -784000
 -784000
 -783125
 -783125
 -783125
 -782250
 -782250
 -822480
 -822480
 -821560
 -821560
 -821560
 -820640
 -820640
 -820640
 -820640
 -819720
 -819720
 -819720
 -819720
 -818800
 -818800
 -818800
 -817880
 -817880
 -817880
 -817880
 -816960
 -816960
 -816960
 -816040
 -816040
 -816040
 -815120
 -815120
 -815120
 -815120
 -814200
 -814200
 -814200
 -813280
 -813280
 -813280
 -813280
 -812360
 -812360
 -852095
 -851130
 -851130
 -851130
 -850165
 -850165
 -850165
 -850165
 -849200
 -849200
 -849200
 -848235
 -848235
 -848235
 -848235
 -847270
 -847270
 -847270
 -846305
 -846305
 -846305
 -845340
 -845340
 -845340
 -845340
 -844375
 -844375
 -844375
 -843410
 -843410
 -843410
 -842445
 -842445
 -842445
 -841480
 -841480
 -841480
 -841480
 -840515
 -878839
 -878839
 -877830
 -877830
 -877830
 -876821
 -876821
 -876821
 -875812
 -875812
 -875812
 -875812
 -874803
 -874803
 -874803
 -873794
 -873794
 -873794
 -872785
 -872785
 -872785
 -871776
 -871776
 -871776
 -870767
 -870767
 -870767
 -869758
 -869758
 -869758
 -869758
 -868749
 -868749
 -868749
 -867740
 -867740
 -867740
 -866731
 -866731
 -903668
 -902616
 -902616
 -902616
 -901564
 -901564
 -901564
 -900512
 -900512
 -900512
 -899460
 -899460
 -899460
 -898408
 -898408
 -898408
 -897356
 -897356
 -897356
 -896304
 -896304
 -896304
 -895252
 -895252
 -895252
 -894200
 -894200
 -894200
 -894200
 -893148
 -893148
 -893148
 -892096
 -892096
 -892096
 -891044
 -891044
 -891044
 -889992
 -926370
 -926370
 -925275
 -925275
 -925275
 -924180
 -924180
 -923085
 -923085
 -923085
 -921990
 -921990
 -921990
 -920895
 -920895
 -920895
 -919800
 -919800
 -919800
 -918705
 -918705
 -918705
 -917610
 -917610
 -917610
 -916515
 -916515
 -916515
 -915420
 -915420
 -915420
 -914325
 -914325
 -914325
 -913230
 -913230
 -913230
 -912135
 -912135
 -947121
 -945984
 -945984
 -944847
 -944847
 -944847
 -943710
 -943710
 -943710
 -942573
 -942573
 -942573
 -941436
 -941436
 -941436
 -940299
 -940299
 -940299
 -939162
 -939162
 -939162
 -938025
 -938025
 -936888
 -936888
 -936888
 -935751
 -935751
 -935751
 -934614
 -934614
 -934614
 -933477
 -933477
 -933477
 -932340
 -932340
 -931203
 -931203
 -965601
 -964422
 -964422
 -964422
 -963243
 -963243
 -963243
 -962064
 -962064
 -960885
 -960885
 -960885
 -959706
 -959706
 -959706
 -958527
 -958527
 -958527
 -957348
 -957348
 -956169
 -956169
 -956169
 -954990
 -954990
 -954990
 -953811
 -953811
 -953811
 -952632
 -952632
 -951453
 -951453
 -951453
 -950274
 -950274
 -950274
 -949095
 -949095
 -980076
 -980076
 -980076
 -978857
 -978857
 -978857
 -977638
 -977638
 -976419
 -976419
 -976419
 -975200
 -975200
 -975200
 -973981
 -973981
 -972762
 -972762
 -972762
 -971543
 -971543
 -971543
 -970324
 -970324
 -969105
 -969105
 -969105
 -967886
 -967886
 -966667
 -966667
 -966667
 -965448
 -965448
 -965448
 -964229
 -964229
 -963010
 -963010
 -994610
 -993351
 -993351
 -992092
 -992092
 -992092
 -990833
 -990833
 -990833
 -989574
 -989574
 -988315
 -988315
 -988315
 -987056
 -987056
 -985797
 -985797
 -985797
 -984538
 -984538
 -983279
 -983279
 -983279
 -982020
 -982020
 -982020
 -980761
 -980761
 -979502
 -979502
 -979502
 -978243
 -978243
 -976984
 -976984
 -976984
 -975725
 -975725
-1005426
-1005426
-1005426
-1004127
-1004127
-1002828
-1002828
-1002828
-1001529
-1001529
-1000230
-1000230
-1000230
 -998931
 -998931
 -997632
 -997632
 -997632
 -996333
 -996333
 -995034
 -995034
 -995034
 -993735
 -993735
 -992436
 -992436
 -992436
 -991137
 -991137
 -989838
 -989838
 -989838
 -988539
 -988539
 -987240
 -987240
 -985941
 -985941
-1014783
-1013446
-1013446
-1012109
-1012109
-1012109
-1010772
-1010772
-1009435
-1009435
-1009435
-1008098
-1008098
-1006761
-1006761
-1006761
-1005424
-1005424
-1004087
-1004087
-1002750
-1002750
-1002750
-1001413
-1001413
-1000076
-1000076
-1000076
 -998739
 -998739
 -997402
 -997402
 -996065
 -996065
 -996065
 -994728
 -994728
 -993391
 -993391
-1021625
-1020250
-1020250
-1018875
-1018875
-1017500
-1017500
-1017500
-1016125
-1016125
-1014750
-1014750
-1013375
-1013375
-1013375
-1012000
-1012000
-1010625
-1010625
-1009250
-1009250
-1009250
-1007875
-1007875
-1006500
-1006500
-1005125
-1005125
-1005125
-1003750
-1003750
-1002375
-1002375
-1001000
-1001000
-1001000
 -999625
 -999625
 -998250
-1024386
-1022975
-1022975
-1022975
-1021564
-1021564
-1020153
-1020153
-1018742
-1018742
-1018742
-1017331
-1017331
-1015920
-1015920
-1014509
-1014509
-1014509
-1013098
-1013098
-1011687
-1011687
-1010276
-1010276
-1008865
-1008865
-1008865
-1007454
-1007454
-1006043
-1006043
-1004632
-1004632
-1003221
-1003221
-1003221
-1001810
-1001810
-1000399
-1000399
-1024476
-1024476
-1023029
-1023029
-1023029
-1021582
-1021582
-1020135
-1020135
-1018688
-1018688
-1017241
-1017241
-1017241
-1015794
-1015794
-1014347
-1014347
-1012900
-1012900
-1011453
-1011453
-1011453
-1010006
-1010006
-1008559
-1008559
-1007112
-1007112
-1005665
-1005665
-1005665
-1004218
-1004218
-1002771
-1002771
-1001324
-1001324
 -999877
-1024753
-1023270
-1023270
-1023270
-1021787
-1021787
-1020304
-1020304
-1018821
-1018821
-1017338
-1017338
-1015855
-1015855
-1015855
-1014372
-1014372
-1012889
-1012889
-1011406
-1011406
-1009923
-1009923
-1008440
-1008440
-1006957
-1006957
-1006957
-1005474
-1005474
-1003991
-1003991
-1002508
-1002508
-1001025
-1001025
 -999542
 -999542
 -998059
-1020941
-1020941
-1019424
-1019424
-1017907
-1017907
-1016390
-1016390
-1014873
-1014873
-1013356
-1013356
-1011839
-1011839
-1010322
-1010322
-1010322
-1008805
-1008805
-1007288
-1007288
-1005771
-1005771
-1004254
-1004254
-1002737
-1002737
-1001220
-1001220
 -999703
 -999703
 -998186
 -998186
 -998186
 -996669
 -996669
 -995152
 -995152
 -993635
-1015250
-1013700
-1013700
-1012150
-1012150
-1010600
-1010600
-1009050
-1009050
-1007500
-1007500
-1005950
-1005950
-1004400
-1004400
-1004400
-1002850
-1002850
-1001300
-1001300
 -999750
 -999750
 -998200
 -998200
 -996650
 -996650
 -995100
 -995100
 -993550
 -993550
 -992000
 -992000
 -990450
 -990450
 -988900
 -988900
 -987350
 -987350
 -985800
-1006152
-1004570
-1004570
-1004570
-1002988
-1002988
-1001406
-1001406
 -999824
 -999824
 -998242
 -998242
 -996660
 -996660
 -995078
 -995078
 -993496
 -993496
 -991914
 -991914
 -990332
 -990332
 -988750
 -988750
 -987168
 -987168
 -985586
 -985586
 -984004
 -984004
 -982422
 -982422
 -980840
 -980840
 -979258
 -979258
 -977676
 -977676
 -976094
 -995838
 -994224
 -994224
 -992610
 -992610
 -990996
 -990996
 -989382
 -989382
 -987768
 -987768
 -986154
 -986154
 -984540
 -984540
 -982926
 -982926
 -981312
 -981312
 -979698
 -979698
 -978084
 -978084
 -976470
 -976470
 -974856
 -974856
 -973242
 -973242
 -971628
 -971628
 -970014
 -970014
 -968400
 -968400
 -966786
 -966786
 -965172
 -965172
 -981468
 -981468
 -979824
 -979824
 -978180
 -978180
 -976536
 -976536
 -974892
 -974892
 -973248
 -973248
 -971604
 -971604
 -969960
 -969960
 -968316
 -968316
 -966672
 -966672
 -965028
 -965028
 -963384
 -963384
 -961740
 -961740
 -960096
 -960096
 -958452
 -958452
 -956808
 -956808
 -955164
 -955164
 -953520
 -953520
 -951876
 -951876
 -950232
 -967572
 -965898
 -965898
 -964224
 -964224
 -962550
 -962550
 -960876
 -959202
 -959202
 -957528
 -957528
 -955854
 -955854
 -954180
 -954180
 -952506
 -952506
 -950832
 -950832
 -949158
 -949158
 -947484
 -947484
 -945810
 -945810
 -944136
 -944136
 -942462
 -942462
 -940788
 -940788
 -939114
 -939114
 -937440
 -937440
 -935766
 -934092
 -934092
 -948014
 -948014
 -946312
 -946312
 -944610
 -944610
 -942908
 -942908
 -941206
 -941206
 -939504
 -939504
 -937802
 -937802
 -936100
 -936100
 -934398
 -934398
 -932696
 -930994
 -930994
 -929292
 -929292
 -927590
 -927590
 -925888
 -925888
 -924186
 -924186
 -922484
 -922484
 -920782
 -920782
 -919080
 -919080
 -917378
 -917378
 -915676
 -913974
 -928473
 -926744
 -926744
 -925015
 -925015
 -923286
 -923286
 -921557
 -921557
 -919828
 -919828
 -918099
 -918099
 -916370
 -914641
 -914641
 -912912
 -912912
 -911183
 -911183
 -909454
 -909454
 -907725
 -907725
 -905996
 -905996
 -904267
 -904267
 -902538
 -900809
 -900809
 -899080
 -899080
 -897351
 -897351
 -895622
 -895622
 -893893
 -893893
 -906096
 -906096
 -904340
 -902584
 -902584
 -900828
 -900828
 -899072
 -899072
 -897316
 -897316
 -895560
 -895560
 -893804
 -893804
 -892048
 -890292
 -890292
 -888536
 -888536
 -886780
 -886780
 -885024
 -885024
 -883268
 -883268
 -881512
 -879756
 -879756
 -878000
 -878000
 -876244
 -876244
 -874488
 -874488
 -872732
 -872732
 -870976
 -870976
 -881595
 -879814
 -879814
 -878033
 -878033
 -876252
 -876252
 -874471
 -874471
 -872690
 -870909
 -870909
 -869128
 -869128
 -867347
 -867347
 -865566
 -865566
 -863785
 -863785
 -862004
 -860223
 -860223
 -858442
 -858442
 -856661
 -856661
 -854880
 -854880
 -853099
 -851318
 -851318
 -849537
 -849537
 -847756
 -847756
 -845975
 -845975
 -844194
 -855570
 -853765
 -851960
 -851960
 -850155
 -850155
 -848350
 -848350
 -846545
 -846545
 -844740
 -842935
 -842935
 -841130
 -841130
 -839325
 -839325
 -837520
 -837520
 -835715
 -833910
 -833910
 -832105
 -832105
 -830300
 -830300
 -828495
 -828495
 -826690
 -824885
 -824885
 -823080
 -823080
 -821275
 -821275
 -819470
 -817665
 -817665
 -815860
 -826256
 -824428
 -824428
 -822600
 -822600
 -820772
 -818944
 -818944
 -817116
 -817116
 -815288
 -815288
 -813460
 -813460
 -811632
 -809804
 -809804
 -807976
 -807976
 -806148
 -806148
 -804320
 -802492
 -802492
 -800664
 -800664
 -798836
 -798836
 -797008
 -795180
 -795180
 -793352
 -793352
 -791524
 -791524
 -789696
 -789696
 -787868
 -786040
 -795500
 -793650
 -793650
 -791800
 -791800
 -789950
 -788100
 -788100
 -786250
 -786250
 -784400
 -784400
 -782550
 -780700
 -780700
 -778850
 -778850
 -777000
 -777000
 -775150
 -773300
 -773300
 -771450
 -771450
 -769600
 -769600
 -767750
 -765900
 -765900
 -764050
 -764050
 -762200
 -762200
 -760350
 -758500
 -758500
 -756650
 -756650
 -754800
 -763368
 -761497
 -759626
 -759626
 -757755
 -757755
 -755884
 -755884
 -754013
 -752142
 -752142
 -750271
 -750271
 -748400
 -748400
 -746529
 -744658
 -744658
 -742787
 -742787
 -740916
 -739045
 -739045
 -737174
 -737174
 -735303
 -735303
 -733432
 -731561
 -731561
 -729690
 -729690
 -727819
 -727819
 -725948
 -724077
 -724077
 -722206
 -722206
 -720335
 -728035
 -726144
 -724253
 -724253
 -722362
 -722362
 -720471
 -718580
 -718580
 -716689
 -716689
 -714798
 -714798
 -712907
 -711016
 -711016
 -709125
 -709125
 -707234
 -705343
 -705343
 -703452
 -703452
 -701561
 -701561
 -699670
 -697779
 -697779
 -695888
 -695888
 -693997
 -692106
 -692106
 -690215
 -690215
 -688324
 -688324
 -686433
 -684542
 -691420
 -689510
 -689510
 -687600
 -685690
 -685690
 -683780
 -683780
 -681870
 -679960
 -679960
 -678050
 -678050
 -676140
 -676140
 -674230
 -672320
 -672320
 -670410
 -670410
 -668500
 -666590
 -666590
 -664680
 -664680
 -662770
 -662770
 -660860
 -658950
 -658950
 -657040
 -657040
 -655130
 -653220
 -653220
 -651310
 -651310
 -649400
 -647490
 -653253
 -651326
 -651326
 -649399
 -647472
 -647472
 -645545
 -645545
 -643618
 -643618
 -641691
 -639764
 -639764
 -637837
 -637837
 -635910
 -633983
 -633983
 -632056
 -632056
 -630129
 -628202
 -628202
 -626275
 -626275
 -624348
 -622421
 -622421
 -620494
 -620494
 -618567
 -616640
 -616640
 -614713
 -614713
 -612786
 -610859
 -610859
 -608932
 -614304
 -612360
 -610416
 -610416
 -608472
 -608472
 -606528
 -606528
 -604584
 -602640
 -602640
 -600696
 -600696
 -598752
 -596808
 -596808
 -594864
 -594864
 -592920
 -590976
 -590976
 -589032
 -589032
 -587088
 -585144
 -585144
 -583200
 -583200
 -581256
 -579312
 -579312
 -577368
 -577368
 -575424
 -573480
 -573480
 -571536
 -571536
 -569592
 -572028
 -572028
 -570069
 -570069
 -568110
 -566151
 -566151
 -564192
 -564192
 -562233
 -560274
 -560274
 -558315
 -558315
 -556356
 -554397
 -554397
 -552438
 -552438
 -550479
 -548520
 -548520
 -546561
 -544602
 -544602
 -542643
 -542643
 -540684
 -538725
 -538725
 -536766
 -536766
 -534807
 -532848
 -532848
 -530889
 -530889
 -528930
 -526971
 -530737
 -528764
 -528764
 -526791
 -524818
 -524818
 -522845
 -522845
 -520872
 -518899
 -518899
 -516926
 -516926
 -514953
 -512980
 -512980
 -511007
 -511007
 -509034
 -507061
 -507061
 -505088
 -503115
 -503115
 -501142
 -501142
 -499169
 -497196
 -497196
 -495223
 -495223
 -493250
 -491277
 -491277
 -489304
 -489304
 -487331
 -485358
 -485358
 -486570
 -486570
 -484584
 -482598
 -482598
 -480612
 -478626
 -478626
 -476640
 -476640
 -474654
 -472668
 -472668
 -470682
 -470682
 -468696
 -466710
 -466710
 -464724
 -464724
 -462738
 -460752
 -460752
 -458766
 -458766
 -456780
 -454794
 -454794
 -452808
 -450822
 -450822
 -448836
 -448836
 -446850
 -444864
 -444864
 -442878
 -442878
 -440892
 -441337
 -441337
 -439340
 -437343
 -437343
 -435346
 -435346
 -433349
 -431352
 -431352
 -429355
 -429355
 -427358
 -425361
 -425361
 -423364
 -423364
 -421367
 -419370
 -419370
 -417373
 -415376
 -415376
 -413379
 -413379
 -411382
 -409385
 -409385
 -407388
 -407388
 -405391
 -403394
 -403394
 -401397
 -399400
 -399400
 -397403
 -397403
 -395406
 -395576
 -395576
 -393568
 -393568
 -391560
 -389552
 -389552
 -387544
 -385536
 -385536
 -383528
 -383528
 -381520
 -379512
 -379512
 -377504
 -375496
 -375496
 -373488
 -373488
 -371480
 -369472
 -369472
 -367464
 -367464
 -365456
 -363448
 -363448
 -361440
 -359432
 -359432
 -357424
 -357424
 -355416
 -353408
 -353408
 -351400
 -351400
 -349392
 -348941
 -348941
 -346924
 -344907
 -344907
 -342890
 -342890
 -340873
 -338856
 -338856
 -336839
 -334822
 -334822
 -332805
 -332805
 -330788
 -328771
 -328771
 -326754
 -326754
 -324737
 -322720
 -322720
 -320703
 -318686
 -318686
 -316669
 -316669
 -314652
 -312635
 -312635
 -310618
 -308601
 -308601
 -306584
 -306584
 -304567
 -302550
 -302550
 -301725
 -299700
 -299700
 -297675
 -297675
 -295650
 -293625
 -293625
 -291600
 -291600
 -289575
 -287550
 -287550
 -285525
 -283500
 -283500
 -281475
 -281475
 -279450
 -277425
 -277425
 -275400
 -273375
 -273375
 -271350
 -271350
 -269325
 -267300
 -267300
 -265275
 -263250
 -263250
 -261225
 -261225
 -259200
 -257175
 -257175
 -255150
 -253125
 -254000
 -251968
 -251968
 -249936
 -247904
 -247904
 -245872
 -243840
 -243840
 -241808
 -241808
 -239776
 -237744
 -237744
 -235712
 -233680
 -233680
 -231648
 -231648
 -229616
 -227584
 -227584
 -225552
 -223520
 -223520
 -221488
 -221488
 -219456
 -217424
 -217424
 -215392
 -213360
 -213360
 -211328
 -211328
 -209296
 -207264
 -207264
 -205232
 -203700
 -203700
 -201663
 -201663
 -199626
 -197589
 -197589
 -195552
 -193515
 -193515
 -191478
 -191478
 -189441
 -187404
 -187404
 -185367
 -183330
 -183330
 -181293
 -181293
 -179256
 -177219
 -177219
 -175182
 -173145
 -173145
 -171108
 -171108
 -169071
 -167034
 -167034
 -164997
 -162960
 -162960
 -160923
 -160923
 -158886
 -156849
 -156849
 -155116
 -153075
 -153075
 -151034
 -151034
 -148993
 -146952
 -146952
 -144911
 -142870
 -142870
 -140829
 -140829
 -138788
 -136747
 -136747
 -134706
 -132665
 -132665
 -130624
 -130624
 -128583
 -126542
 -126542
 -124501
 -122460
 -122460
 -120419
 -120419
 -118378
 -116337
 -116337
 -114296
 -112255
 -112255
 -110214
 -110214
 -108173
 -106132
 -106340
 -104295
 -102250
 -102250
 -100205
  -98160
  -98160
  -96115
  -96115
  -94070
  -92025
  -92025
  -89980
  -87935
  -87935
  -85890
  -85890
  -83845
  -81800
  -81800
  -79755
  -77710
  -77710
  -75665
  -75665
  -73620
  -71575
  -71575
  -69530
  -67485
  -67485
  -65440
  -65440
  -63395
  -61350
  -61350
  -59305
  -57260
  -57260
  -55242
  -55242
  -53196
  -51150
  -51150
  -49104
  -47058
  -47058
  -45012
  -42966
  -42966
  -40920
  -40920
  -38874
  -36828
  -36828
  -34782
  -32736
  -32736
  -30690
  -30690
  -28644
  -26598
  -26598
  -24552
  -22506
  -22506
  -20460
  -20460
  -18414
  -16368
  -16368
  -14322
  -12276
  -12276
  -10230
  -10230
   -8184
   -6138
   -6138
   -4094
   -2047
   -2047
       0
       0
       0
    2047
    2047
    4094
    6141
    6141
    8188
   10235
   10235
   12282
   12282
   14329
   16376
   16376
   18423
   20470
   20470
   22517
   22517
   24564
   26611
   26611
   28658
   30705
   30705
   32752
   32752
   34799
   36846
   36846
   38893
   40940
   40940
   42987
   42966
   45012
   47058
   47058
   49104
   51150
   51150
   53196
   55242
   55242
   57288
   57288
   59334
   61380
   61380
   63426
   65472
   65472
   67518
   67518
   69564
   71610
   71610
   73656
   75702
   75702
   77748
   77748
   79794
   81840
   81840
   83886
   85932
   85932
   87978
   87978
   90024
   92070
   92070
   94070
   96115
   96115
   98160
   98160
  100205
  102250
  102250
  104295
  106340
  106340
  108385
  110430
  110430
  112475
  112475
  114520
  116565
  116565
  118610
  120655
  120655
  122700
  122700
  124745
  126790
  126790
  128835
  130880
  130880
  132925
  132925
  134970
  137015
  137015
  139060
  141105
  141105
  143150
  142870
  144911
  146952
  146952
  148993
  151034
  151034
  153075
  153075
  155116
  157157
  157157
  159198
  161239
  161239
  163280
  163280
  165321
  167362
  167362
  169403
  171444
  171444
  173485
  173485
  175526
  177567
  177567
  179608
  181649
  181649
  183690
  183690
  185731
  187772
  187772
  189813
  191854
  191854
  193515
  193515
  195552
  197589
  197589
  199626
  201663
  201663
  203700
  203700
  205737
  207774
  207774
  209811
  211848
  211848
  213885
  213885
  215922
  217959
  217959
  219996
  222033
  222033
  224070
  224070
  226107
  228144
  228144
  230181
  232218
  232218
  234255
  234255
  236292
  238329
  238329
  240366
  242403
  241808
  243840
  243840
  245872
  247904
  247904
  249936
  251968
  251968
  254000
  254000
  256032
  258064
  258064
  260096
  262128
  262128
  264160
  264160
  266192
  268224
  268224
  270256
  272288
  272288
  274320
  274320
  276352
  278384
  278384
  280416
  282448
  282448
  284480
  284480
  286512
  288544
  288544
  290576
  291600
  291600
  293625
  293625
  295650
  297675
  297675
  299700
  299700
  301725
  303750
  303750
  305775
  307800
  307800
  309825
  309825
  311850
  313875
  313875
  315900
  317925
  317925
  319950
  319950
  321975
  324000
  324000
  326025
  328050
  328050
  330075
  330075
  332100
  334125
  334125
  336150
  336150
  338175
  338856
  338856
  340873
  342890
  342890
  344907
  344907
  346924
  348941
  348941
  350958
  352975
  352975
  354992
  354992
  357009
  359026
  359026
  361043
  361043
  363060
  365077
  365077
  367094
  369111
  369111
  371128
  371128
  373145
  375162
  375162
  377179
  377179
  379196
  381213
  381213
  383230
  385247
  385247
  385536
  385536
  387544
  389552
  389552
  391560
  393568
  393568
  395576
  395576
  397584
  399592
  399592
  401600
  401600
  403608
  405616
  405616
  407624
  409632
  409632
  411640
  411640
  413648
  415656
  415656
  417664
  417664
  419672
  421680
  421680
  423688
  425696
  425696
  427704
  427704
  429712
  431720
  431720
  431352
  431352
  433349
  435346
  435346
  437343
  437343
  439340
  441337
  441337
  443334
  445331
  445331
  447328
  447328
  449325
  451322
  451322
  453319
  453319
  455316
  457313
  457313
  459310
  461307
  461307
  463304
  463304
  465301
  467298
  467298
  469295
  469295
  471292
  473289
  473289
  475286
  475286
  477283
  476640
  476640
  478626
  478626
  480612
  482598
  482598
  484584
  486570
  486570
  488556
  488556
  490542
  492528
  492528
  494514
  494514
  496500
  498486
  498486
  500472
  500472
  502458
  504444
  504444
  506430
  506430
  508416
  510402
  510402
  512388
  514374
  514374
  516360
  516360
  518346
  520332
  520332
  522318
  518899
  520872
  522845
  522845
  524818
  524818
  526791
  528764
  528764
  530737
  530737
  532710
  534683
  534683
  536656
  536656
  538629
  540602
  540602
  542575
  542575
  544548
  546521
  546521
  548494
  548494
  550467
  552440
  552440
  554413
  556386
  556386
  558359
  558359
  560332
  562305
  562305
  564278
  564278
  562233
  564192
  564192
  566151
  566151
  568110
  570069
  570069
  572028
  572028
  573987
  575946
  575946
  577905
  577905
  579864
  581823
  581823
  583782
  583782
  585741
  587700
  587700
  589659
  589659
  591618
  593577
  593577
  595536
  595536
  597495
  599454
  599454
  601413
  601413
  603372
  605331
  605331
  607290
  602640
  604584
  606528
  606528
  608472
  608472
  610416
  610416
  612360
  614304
  614304
  616248
  616248
  618192
  620136
  620136
  622080
  622080
  624024
  625968
  625968
  627912
  627912
  629856
  631800
  631800
  633744
  633744
  635688
  637632
  637632
  639576
  639576
  641520
  643464
  643464
  645408
  645408
  647352
  643618
  643618
  645545
  645545
  647472
  647472
  649399
  651326
  651326
  653253
  653253
  655180
  657107
  657107
  659034
  659034
  660961
  662888
  662888
  664815
  664815
  666742
  668669
  668669
  670596
  670596
  672523
  672523
  674450
  676377
  676377
  678304
  678304
  680231
  682158
  682158
  684085
  684085
  686012
  679960
  681870
  683780
  683780
  685690
  685690
  687600
  689510
  689510
  691420
  691420
  693330
  695240
  695240
  697150
  697150
  699060
  699060
  700970
  702880
  702880
  704790
  704790
  706700
  708610
  708610
  710520
  710520
  712430
  712430
  714340
  716250
  716250
  718160
  718160
  720070
  721980
  721980
  723890
  723890
  718580
  718580
  720471
  722362
  722362
  724253
  724253
  726144
  728035
  728035
  729926
  729926
  731817
  731817
  733708
  735599
  735599
  737490
  737490
  739381
  739381
  741272
  743163
  743163
  745054
  745054
  746945
  746945
  748836
  750727
  750727
  752618
  752618
  754509
  756400
  756400
  758291
  758291
  760182
  752142
  754013
  755884
  755884
  757755
  757755
  759626
  759626
  761497
  763368
  763368
  765239
  765239
  767110
  767110
  768981
  770852
  770852
  772723
  772723
  774594
  774594
  776465
  778336
  778336
  780207
  780207
  782078
  782078
  783949
  785820
  785820
  787691
  787691
  789562
  789562
  791433
  793304
  793304
  786250
  786250
  788100
  788100
  789950
  791800
  791800
  793650
  793650
  795500
  795500
  797350
  799200
  799200
  801050
  801050
  802900
  802900
  804750
  804750
  806600
  808450
  808450
  810300
  810300
  812150
  812150
  814000
  815850
  815850
  817700
  817700
  819550
  819550
  821400
  823250
  823250
  825100
  825100
  817116
  817116
  818944
  818944
  820772
  822600
  822600
  824428
  824428
  826256
  826256
  828084
  828084
  829912
  831740
  831740
  833568
  833568
  835396
  835396
  837224
  839052
  839052
  840880
  840880
  842708
  842708
  844536
  844536
  846364
  848192
  848192
  850020
  850020
  851848
  851848
  853676
  853676
  855504
  846545
  846545
  848350
  848350
  850155
  850155
  851960
  851960
  853765
  855570
  855570
  857375
  857375
  859180
  859180
  860985
  860985
  862790
  862790
  864595
  866400
  866400
  868205
  868205
  870010
  870010
  871815
  871815
  873620
  875425
  875425
  877230
  877230
  879035
  879035
  880840
  880840
  882645
  882645
  872690
  874471
  874471
  876252
  876252
  878033
  878033
  879814
  879814
  881595
  883376
  883376
  885157
  885157
  886938
  886938
  888719
  888719
  890500
  890500
  892281
  892281
  894062
  895843
  895843
  897624
  897624
  899405
  899405
  901186
  901186
  902967
  902967
  904748
  906529
  906529
  908310
  908310
  910091
  897316
  899072
  899072
  900828
  900828
  902584
  902584
  904340
  906096
  906096
  907852
  907852
  909608
  909608
  911364
  911364
  913120
  913120
  914876
  914876
  916632
  918388
  918388
  920144
  920144
  921900
  921900
  923656
  923656
  925412
  925412
  927168
  927168
  928924
  928924
  930680
  932436
  932436
  934192
  919828
  921557
  921557
  923286
  923286
  925015
  925015
  926744
  926744
  928473
  928473
  930202
  931931
  931931
  933660
  933660
  935389
  935389
  937118
  937118
  938847
  938847
  940576
  940576
  942305
  942305
  944034
  944034
  945763
  945763
  947492
  949221
  949221
  950950
  950950
  952679
  952679
  954408
  954408
  941206
  941206
  942908
  942908
  944610
  944610
  946312
  946312
  948014
  948014
  949716
  949716
  951418
  953120
  953120
  954822
  954822
  956524
  956524
  958226
  958226
  959928
  959928
  961630
  961630
  963332
  963332
  965034
  965034
  966736
  966736
  968438
  968438
  970140
  970140
  971842
  971842
  973544
  973544
  959202
  959202
  960876
  962550
  962550
  964224
  964224
  965898
  965898
  967572
  967572
  969246
  969246
  970920
  970920
  972594
  972594
  974268
  974268
  975942
  975942
  977616
  977616
  979290
  979290
  980964
  980964
  982638
  982638
  984312
  984312
  985986
  985986
  987660
  987660
  989334
  989334
  991008
  991008
  974892
  974892
  976536
  976536
  978180
  978180
  979824
  979824
  981468
  981468
  983112
  983112
  984756
  984756
  986400
  986400
  988044
  988044
  989688
  989688
  991332
  991332
  992976
  992976
  994620
  994620
  996264
  996264
  997908
  997908
  999552
  999552
 1001196
 1001196
 1002840
 1002840
 1004484
 1004484
 1006128
  987768
  989382
  989382
  990996
  990996
  992610
  992610
  994224
  994224
  995838
  995838
  997452
  997452
  999066
  999066
 1000680
 1000680
 1002294
 1002294
 1003908
 1003908
 1005522
 1005522
 1007136
 1007136
 1008750
 1008750
 1010364
 1010364
 1011978
 1011978
 1013592
 1013592
 1015206
 1015206
 1016820
 1016820
 1018434
 1018434
  999824
  999824
 1001406
 1001406
 1002988
 1002988
 1004570
 1004570
 1004570
 1006152
 1006152
 1007734
 1007734
 1009316
 1009316
 1010898
 1010898
 1012480
 1012480
 1014062
 1014062
 1015644
 1015644
 1017226
 1017226
 1018808
 1018808
 1020390
 1020390
 1021972
 1021972
 1023554
 1023554
 1025136
 1025136
 1025136
 1026718
 1026718
 1028300
 1007500
 1009050
 1009050
 1010600
 1010600
 1012150
 1012150
 1013700
 1013700
 1015250
 1015250
 1016800
 1016800
 1018350
 1018350
 1019900
 1019900
 1019900
 1021450
 1021450
 1023000
 1023000
 1024550
 1024550
 1026100
 1026100
 1027650
 1027650
 1029200
 1029200
 1030750
 1030750
 1032300
 1032300
 1032300
 1033850
 1033850
 1035400
 1035400
 1014873
 1014873
 1016390
 1016390
 1017907
 1017907
 1019424
 1019424
 1020941
 1020941
 1020941
 1022458
 1022458
 1023975
 1023975
 1025492
 1025492
 1027009
 1027009
 1028526
 1028526
 1030043
 1030043
 1030043
 1031560
 1031560
 1033077
 1033077
 1034594
 1034594
 1036111
 1036111
 1037628
 1037628
 1039145
 1039145
 1039145
 1040662
 1040662
 1018821
 1018821
 1020304
 1020304
 1021787
 1021787
 1023270
 1023270
 1023270
 1024753
 1024753
 1026236
 1026236
 1027719
 1027719
 1029202
 1029202
 1030685
 1030685
 1030685
 1032168
 1032168
 1033651
 1033651
 1035134
 1035134
 1036617
 1036617
 1036617
 1038100
 1038100
 1039583
 1039583
 1041066
 1041066
 1042549
 1042549
 1042549
 1044032
 1044032
 1020135
 1020135
 1021582
 1021582
 1023029
 1023029
 1023029
 1024476
 1024476
 1025923
 1025923
 1027370
 1027370
 1028817
 1028817
 1028817
 1030264
 1030264
 1031711
 1031711
 1033158
 1033158
 1034605
 1034605
 1034605
 1036052
 1036052
 1037499
 1037499
 1038946
 1038946
 1040393
 1040393
 1040393
 1041840
 1041840
 1043287
 1043287
 1044734
 1018742
 1018742
 1020153
 1020153
 1021564
 1021564
 1022975
 1022975
 1022975
 1024386
 1024386
 1025797
 1025797
 1027208
 1027208
 1027208
 1028619
 1028619
 1030030
 1030030
 1031441
 1031441
 1031441
 1032852
 1032852
 1034263
 1034263
 1035674
 1035674
 1035674
 1037085
 1037085
 1038496
 1038496
 1039907
 1039907
 1039907
 1041318
 1041318
 1016125
 1016125
 1017500
 1017500
 1017500
 1018875
 1018875
 1020250
 1020250
 1021625
 1021625
 1021625
 1023000
 1023000
 1024375
 1024375
 1024375
 1025750
 1025750
 1027125
 1027125
 1028500
 1028500
 1028500
 1029875
 1029875
 1031250
 1031250
 1031250
 1032625
 1032625
 1034000
 1034000
 1035375
 1035375
 1035375
 1036750
 1036750
 1038125
 1009435
 1009435
 1010772
 1010772
 1012109
 1012109
 1012109
 1013446
 1013446
 1014783
 1014783
 1014783
 1016120
 1016120
 1017457
 1017457
 1018794
 1018794
 1018794
 1020131
 1020131
 1021468
 1021468
 1021468
 1022805
 1022805
 1024142
 1024142
 1024142
 1025479
 1025479
 1026816
 1026816
 1026816
 1028153
 1028153
 1029490
 1029490
 1029490
 1001529
 1001529
 1002828
 1002828
 1002828
 1004127
 1004127
 1005426
 1005426
 1005426
 1006725
 1006725
 1008024
 1008024
 1008024
 1009323
 1009323
 1010622
 1010622
 1010622
 1011921
 1011921
 1013220
 1013220
 1013220
 1014519
 1014519
 1014519
 1015818
 1015818
 1017117
 1017117
 1017117
 1018416
 1018416
 1019715
 1019715
 1019715
 1021014
  989574
  990833
  990833
  990833
  992092
  992092
  992092
  993351
  993351
  994610
  994610
  994610
  995869
  995869
  997128
  997128
  997128
  998387
  998387
  998387
  999646
  999646
 1000905
 1000905
 1000905
 1002164
 1002164
 1003423
 1003423
 1003423
 1004682
 1004682
 1004682
 1005941
 1005941
 1007200
 1007200
 1007200
 1008459
  976419
  976419
  977638
  977638
  978857
  978857
  978857
  980076
  980076
  980076
  981295
  981295
  982514
  982514
  982514
  983733
  983733
  983733
  984952
  984952
  986171
  986171
  986171
  987390
  987390
  987390
  988609
  988609
  988609
  989828
  989828
  991047
  991047
  991047
  992266
  992266
  992266
  993485
  993485
  960885
  962064
  962064
  963243
  963243
  963243
  964422
  964422
  964422
  965601
  965601
  965601
  966780
  966780
  967959
  967959
  967959
  969138
  969138
  969138
  970317
  970317
  970317
  971496
  971496
  971496
  972675
  972675
  973854
  973854
  973854
  975033
  975033
  975033
  976212
  976212
  976212
  977391
  977391
  942573
  943710
  943710
  943710
  944847
  944847
  944847
  945984
  945984
  947121
  947121
  947121
  948258
  948258
  948258
  949395
  949395
  949395
  950532
  950532
  950532
  951669
  951669
  951669
  952806
  952806
  952806
  953943
  953943
  953943
  955080
  955080
  955080
  956217
  956217
  956217
  957354
  957354
  957354
  923085
  923085
  923085
  924180
  924180
  925275
  925275
  925275
  926370
  926370
  926370
  927465
  927465
  927465
  928560
  928560
  928560
  929655
  929655
  929655
  930750
  930750
  930750
  930750
  931845
  931845
  931845
  932940
  932940
  932940
  934035
  934035
  934035
  935130
  935130
  935130
  936225
  936225
  936225
  900512
  900512
  900512
  901564
  901564
  901564
  902616
  902616
  902616
  903668
  903668
  903668
  904720
  904720
  904720
  905772
  905772
  905772
  906824
  906824
  906824
  906824
  907876
  907876
  907876
  908928
  908928
  908928
  909980
  909980
  909980
  911032
  911032
  911032
  912084
  912084
  912084
  913136
  913136
  875812
  875812
  876821
  876821
  876821
  877830
  877830
  877830
  878839
  878839
  878839
  879848
  879848
  879848
  879848
  880857
  880857
  880857
  881866
  881866
  881866
  882875
  882875
  882875
  883884
  883884
  883884
  883884
  884893
  884893
  884893
  885902
  885902
  885902
  886911
  886911
  886911
  886911
  887920
  849200
  849200
  850165
  850165
  850165
  850165
  851130
  851130
  851130
  852095
  852095
  852095
  853060
  853060
  853060
  853060
  854025
  854025
  854025
  854990
  854990
  854990
  854990
  855955
  855955
  855955
  856920
  856920
  856920
  857885
  857885
  857885
  857885
  858850
  858850
  858850
  859815
  859815
  859815
  819720
  820640
  820640
  820640
  820640
  821560
  821560
  821560
  822480
  822480
  822480
  822480
  823400
  823400
  823400
  824320
  824320
  824320
  824320
  825240
  825240
  825240
  826160
  826160
  826160
  826160
  827080
  827080
  827080
  827080
  828000
  828000
  828000
  828920
  828920
  828920
  828920
  829840
  829840
  789250
  789250
  790125
  790125
  790125
  791000
  791000
  791000
  791000
  791875
  791875
  791875
  791875
  792750
  792750
  792750
  792750
  793625
  793625
  793625
  794500
  794500
  794500
  794500
  795375
  795375
  795375
  795375
  796250
  796250
  796250
  796250
  797125
  797125
  797125
  797125
  798000
  798000
  798000
  756960
  757790
  757790
  757790
  757790
  758620
  758620
  758620
  758620
  759450
  759450
  759450
  759450
  760280
  760280
  760280
  761110
  761110
  761110
  761110
  761940
  761940
  761940
  761940
  761940
  762770
  762770
  762770
  762770
  763600
  763600
  763600
  763600
  764430
  764430
  764430
  764430
  765260
  765260
  765260
  721926
  722709
  722709
  722709
  722709
  723492
  723492
  723492
  723492
  724275
  724275
  724275
  724275
  725058
  725058
  725058
  725058
  725058
  725841
  725841
  725841
  725841
  726624
  726624
  726624
  726624
  727407
  727407
  727407
  727407
  728190
  728190
  728190
  728190
  728190
  728973
  728973
  728973
  728973
  686884
  686884
  686884
  686884
  686884
  687621
  687621
  687621
  687621
  688358
  688358
  688358
  688358
  688358
  689095
  689095
  689095
  689095
  689832
  689832
  689832
  689832
  689832
  690569
  690569
  690569
  690569
  691306
  691306
  691306
  691306
  691306
  692043
  692043
  692043
  692043
  692780
  692780
  692780
  648600
  648600
  649290
  649290
  649290
  649290
  649290
  649980
  649980
  649980
  649980
  649980
  650670
  650670
  650670
  650670
  651360
  651360
  651360
  651360
  651360
  652050
  652050
  652050
  652050
  652050
  652740
  652740
  652740
  652740
  652740
  653430
  653430
  653430
  653430
  653430
  654120
  654120
  654120
  608616
  608616
  609258
  609258
  609258
  609258
  609258
  609900
  609900
  609900
  609900
  609900
  610542
  610542
  610542
  610542
  610542
  611184
  611184
  611184
  611184
  611184
  611184
  611826
  611826
  611826
  611826
  611826
  612468
  612468
  612468
  612468
  612468
  613110
  613110
  613110
  613110
  613110
  613110
  567864
  567864
  567864
  567864
  567864
  568458
  568458
  568458
  568458
  568458
  568458
  569052
  569052
  569052
  569052
  569052
  569646
  569646
  569646
  569646
  569646
  569646
  570240
  570240
  570240
  570240
  570240
  570240
  570834
  570834
  570834
  570834
  570834
  571428
  571428
  571428
  571428
  571428
  571428
  525798
  525798
  525798
  525798
  525798
  525798
  526344
  526344
  526344
  526344
  526344
  526344
  526890
  526890
  526890
  526890
  526890
  526890
  527436
  527436
  527436
  527436
  527436
  527436
  527982
  527982
  527982
  527982
  527982
  527982
  527982
  528528
  528528
  528528
  528528
  528528
  528528
  529074
  529074
  481593
  481593
  481593
  481593
  481593
  482090
  482090
  482090
  482090
  482090
  482090
  482587
  482587
  482587
  482587
  482587
  482587
  482587
  483084
  483084
  483084
  483084
  483084
  483084
  483084
  483581
  483581
  483581
  483581
  483581
  483581
  483581
  484078
  484078
  484078
  484078
  484078
  484078
  484078
  437775
  437775
  437775
  437775
  437775
  437775
  437775
  438224
  438224
  438224
  438224
  438224
  438224
  438224
  438673
  438673
  438673
  438673
  438673
  438673
  438673
  438673
  439122
  439122
  439122
  439122
  439122
  439122
  439122
  439122
  439571
  439571
  439571
  439571
  439571
  439571
  439571
  439571
  440020
  391020
  391020
  391020
  391020
  391020
  391020
  391020
  391419
  391419
  391419
  391419
  391419
  391419
  391419
  391419
  391818
  391818
  391818
  391818
  391818
  391818
  391818
  391818
  391818
  392217
  392217
  392217
  392217
  392217
  392217
  392217
  392217
  392616
  392616
  392616
  392616
  392616
  392616
  392616
  344400
  344400
  344750
  344750
  344750
  344750
  344750
  344750
  344750
  344750
  344750
  344750
  345100
  345100
  345100
  345100
  345100
  345100
  345100
  345100
  345100
  345100
  345450
  345450
  345450
  345450
  345450
  345450
  345450
  345450
  345450
  345450
  345800
  345800
  345800
  345800
  345800
  345800
  345800
  296400
  296400
  296400
  296700
  296700
  296700
  296700
  296700
  296700
  296700
  296700
  296700
  296700
  296700
  297000
  297000
  297000
  297000
  297000
  297000
  297000
  297000
  297000
  297000
  297000
  297000
  297300
  297300
  297300
  297300
  297300
  297300
  297300
  297300
  297300
  297300
  297300
  297300
  297600
  248992
  248992
  248992
  248992
  248992
  248992
  248992
  248992
  248992
  248992
  248992
  248992
  249243
  249243
  249243
  249243
  249243
  249243
  249243
  249243
  249243
  249243
  249243
  249243
  249243
  249243
  249494
  249494
  249494
  249494
  249494
  249494
  249494
  249494
  249494
  249494
  249494
  249494
  249494
  199794
  199794
  199995
  199995
  199995
  199995
  199995
  199995
  199995
  199995
  199995
  199995
  199995
  199995
  199995
  199995
  199995
  199995
  199995
  200196
  200196
  200196
  200196
  200196
  200196
  200196
  200196
  200196
  200196
  200196
  200196
  200196
  200196
  200196
  200196
  200196
  200196
  200196
  200397
  150547
  150547
  150547
  150547
  150547
  150547
  150547
  150547
  150547
  150547
  150547
  150547
  150547
  150547
  150547
  150547
  150547
  150547
  150547
  150547
  150547
  150547
  150698
  150698
  150698
  150698
  150698
  150698
  150698
  150698
  150698
  150698
  150698
  150698
  150698
  150698
  150698
  150698
  150698
   99800
   99800
   99800
   99800
   99800
   99800
   99800
   99800
   99800
   99800
   99800
   99800
   99900
   99900
   99900
   99900
   99900
   99900
   99900
   99900
   99900
   99900
   99900
   99900
   99900
   99900
   99900
   99900
   99900
   99900
   99900
   99900
   99900
   99900
   99900
   99900
   99900
   99900
   99900
   49950
   49950
   49950
   49950
   49950
   49950
   49950
   49950
   49950
   49950
   49950
   49950
   49950
   49950
   49950
   49950
   49950
   49950
   49950
   49950
   49950
   49950
   49950
   49950
   49950
   49950
   49950
   49950
   49950
   49950
   49950
   49950
   49950
   49950
   49950
   49950
   49950
   49950
   49950
   49950
       0
       0
       0
       0
       0
       0
       0
       0
       0
       0
       0
       0
       0
       0
       0
       0
       0
       0
       0
       0
       0
       0
       0
       0
       0
       0
       0
       0
       0
       0
       0
       0
       0
       0
       0
       0
       0
       0
       0
  -49950
  -49950
  -49950
  -49950
  -49950
  -49950
  -49950
  -49950
  -49950
  -49950
  -49950
  -49950
  -49950
  -49950
  -49950
  -49950
  -49950
  -49950
  -49950
  -49950
  -49950
  -49950
  -49950
  -49950
  -49950
  -49950
  -49950
  -49950
  -49950
  -49950
  -49950
  -49950
  -49950
  -49950
  -49950
  -49950
  -49950
  -49900
  -49900
  -99800
  -99800
  -99800
  -99800
  -99800
  -99800
  -99800
  -99800
  -99800
  -99800
  -99800
  -99800
  -99800
  -99800
  -99800
  -99800
  -99800
  -99800
  -99800
  -99800
  -99800
  -99800
  -99800
  -99800
  -99800
  -99800
  -99800
  -99700
  -99700
  -99700
  -99700
  -99700
  -99700
  -99700
  -99700
  -99700
  -99700
  -99700
  -99700
 -150547
 -150547
 -150547
 -150547
 -150547
 -150547
 -150547
 -150547
 -150547
 -150547
 -150547
 -150396
 -150396
 -150396
 -150396
 -150396
 -150396
 -150396
 -150396
 -150396
 -150396
 -150396
 -150396
 -150396
 -150396
 -150396
 -150396
 -150396
 -150396
 -150396
 -150245
 -150245
 -150245
 -150245
 -150245
 -150245
 -150245
 -150245
 -150245
 -199995
 -199995
 -199995
 -199995
 -199995
 -199995
 -199995
 -199995
 -199794
 -199794
 -199794
 -199794
 -199794
 -199794
 -199794
 -199794
 -199794
 -199794
 -199794
 -199794
 -199794
 -199794
 -199794
 -199593
 -199593
 -199593
 -199593
 -199593
 -199593
 -199593
 -199593
 -199593
 -199593
 -199593
 -199593
 -199593
 -199593
 -199392
 -199392
 -248992
 -248992
 -248992
 -248992
 -248992
 -248992
 -248992
 -248992
 -248992
 -248992
 -248992
 -248741
 -248741
 -248741
 -248741
 -248741
 -248741
 -248741
 -248741
 -248741
 -248741
 -248741
 -248741
 -248490
 -248490
 -248490
 -248490
 -248490
 -248490
 -248490
 -248490
 -248490
 -248490
 -248490
 -248490
 -248239
 -248239
 -248239
 -248239
 -296700
 -296700
 -296700
 -296700
 -296700
 -296700
 -296700
 -296400
 -296400
 -296400
 -296400
 -296400
 -296400
 -296400
 -296400
 -296400
 -296400
 -296100
 -296100
 -296100
 -296100
 -296100
 -296100
 -296100
 -296100
 -296100
 -296100
 -295800
 -295800
 -295800
 -295800
 -295800
 -295800
 -295800
 -295800
 -295800
 -295800
 -295500
 -295500
 -344750
 -344750
 -344750
 -344750
 -344750
 -344750
 -344750
 -344750
 -344400
 -344400
 -344400
 -344400
 -344400
 -344400
 -344400
 -344400
 -344400
 -344050
 -344050
 -344050
 -344050
 -344050
 -344050
 -344050
 -344050
 -343700
 -343700
 -343700
 -343700
 -343700
 -343700
 -343700
 -343700
 -343700
 -343350
 -343350
 -343350
 -343350
 -343350
 -391419
 -391419
 -391419
 -391020
 -391020
 -391020
 -391020
 -391020
 -391020
 -391020
 -391020
 -390621
 -390621
 -390621
 -390621
 -390621
 -390621
 -390621
 -390621
 -390222
 -390222
 -390222
 -390222
 -390222
 -390222
 -390222
 -390222
 -389823
 -389823
 -389823
 -389823
 -389823
 -389823
 -389823
 -389823
 -389424
 -389424
 -389424
 -389424
 -438224
 -438224
 -438224
 -437775
 -437775
 -437775
 -437775
 -437775
 -437775
 -437775
 -437326
 -437326
 -437326
 -437326
 -437326
 -437326
 -437326
 -436877
 -436877
 -436877
 -436877
 -436877
 -436877
 -436877
 -436428
 -436428
 -436428
 -436428
 -436428
 -436428
 -436428
 -435979
 -435979
 -435979
 -435979
 -435979
 -435979
 -435979
 -435530
 -482090
 -482090
 -482090
 -482090
 -482090
 -481593
 -481593
 -481593
 -481593
 -481593
 -481593
 -481593
 -481096
 -481096
 -481096
 -481096
 -481096
 -481096
 -480599
 -480599
 -480599
 -480599
 -480599
 -480599
 -480599
 -480102
 -480102
 -480102
 -480102
 -480102
 -480102
 -479605
 -479605
 -479605
 -479605
 -479605
 -479605
 -479108
 -479108
 -526344
 -526344
 -526344
 -526344
 -525798
 -525798
 -525798
 -525798
 -525798
 -525798
 -525252
 -525252
 -525252
 -525252
 -525252
 -525252
 -524706
 -524706
 -524706
 -524706
 -524706
 -524160
 -524160
 -524160
 -524160
 -524160
 -524160
 -523614
 -523614
 -523614
 -523614
 -523614
 -523614
 -523068
 -523068
 -523068
 -523068
 -523068
 -522522
 -568458
 -568458
 -568458
 -568458
 -568458
 -567864
 -567864
 -567864
 -567864
 -567864
 -567270
 -567270
 -567270
 -567270
 -567270
 -567270
 -566676
 -566676
 -566676
 -566676
 -566676
 -566082
 -566082
 -566082
 -566082
 -566082
 -565488
 -565488
 -565488
 -565488
 -565488
 -565488
 -564894
 -564894
 -564894
 -564894
 -564894
 -564300
 -564300
 -609900
 -609900
 -609900
 -609258
 -609258
 -609258
 -609258
 -609258
 -608616
 -608616
 -608616
 -608616
 -608616
 -607974
 -607974
 -607974
 -607974
 -607974
 -607332
 -607332
 -607332
 -607332
 -607332
 -606690
 -606690
 -606690
 -606690
 -606690
 -606048
 -606048
 -606048
 -606048
 -606048
 -605406
 -605406
 -605406
 -605406
 -604764
 -604764
 -649980
 -649980
 -649980
 -649290
 -649290
 -649290
 -649290
 -649290
 -648600
 -648600
 -648600
 -648600
 -648600
 -647910
 -647910
 -647910
 -647910
 -647220
 -647220
 -647220
 -647220
 -647220
 -646530
 -646530
 -646530
 -646530
 -645840
 -645840
 -645840
 -645840
 -645840
 -645150
 -645150
 -645150
 -645150
 -644460
 -644460
 -644460
 -644460
 -688358
 -687621
 -687621
 -687621
 -687621
 -686884
 -686884
 -686884
 -686884
 -686884
 -686147
 -686147
 -686147
 -686147
 -685410
 -685410
 -685410
 -685410
 -685410
 -684673
 -684673
 -684673
 -684673
 -683936
 -683936
 -683936
 -683936
 -683199
 -683199
 -683199
 -683199
 -682462
 -682462
 -682462
 -682462
 -682462
 -681725
 -681725
 -681725
 -681725
 -723492
 -723492
 -723492
 -723492
 -722709
 -722709
 -722709
 -722709
 -721926
 -721926
 -721926
 -721926
 -721143
 -721143
 -721143
 -721143
 -720360
 -720360
 -720360
 -720360
 -719577
 -719577
 -719577
 -719577
 -718794
 -718794
 -718794
 -718794
 -718794
 -718011
 -718011
 -718011
 -718011
 -717228
 -717228
 -717228
 -716445
 -716445
 -716445
 -759450
 -758620
 -758620
 -758620
 -758620
 -757790
 -757790
 -757790
 -757790
 -756960
 -756960
 -756960
 -756960
 -756130
 -756130
 -756130
 -756130
 -755300
 -755300
 -755300
 -755300
 -754470
 -754470
 -754470
 -754470
 -753640
 -753640
 -753640
 -753640
 -752810
 -752810
 -752810
 -751980
 -751980
 -751980
 -751980
 -751150
 -751150
 -751150
 -791875
 -791000
 -791000
 -791000
 -791000
 -790125
 -790125
 -790125
 -789250
 -789250
 -789250
 -789250
 -788375
 -788375
 -788375
 -788375
 -787500
 -787500
 -787500
 -786625
 -786625
 -786625
 -786625
 -785750
 -785750
 -785750
 -785750
 -784875
 -784875
 -784875
 -784000
 -784000
 -784000
 -784000
 -783125
 -783125
 -783125
 -782250
 -782250
 -822480
 -822480
 -821560
 -821560
 -821560
 -820640
 -820640
 -820640
 -820640
 -819720
 -819720
 -819720
 -819720
 -818800
 -818800
 -818800
 -817880
 -817880
 -817880
 -817880
 -816960
 -816960
 -816960
 -816040
 -816040
 -816040
 -815120
 -815120
 -815120
 -815120
 -814200
 -814200
 -814200
 -813280
 -813280
 -813280
 -813280
 -812360
 -812360
 -852095
 -851130
 -851130
 -851130
 -850165
 -850165
 -850165
 -850165
 -849200
 -849200
 -849200
 -848235
 -848235
 -848235
 -848235
 -847270
 -847270
 -847270
 -846305
 -846305
 -846305
 -845340
 -845340
 -845340
 -845340
 -844375
 -844375
 -844375
 -843410
 -843410
 -843410
 -842445
 -842445
 -842445
 -841480
 -841480
 -841480
 -841480
 -840515
 -878839
 -878839
 -877830
 -877830
 -877830
 -876821
 -876821
 -876821
 -875812
 -875812
 -875812
 -875812
 -874803
 -874803
 -874803
 -873794
 -873794
 -873794
 -872785
 -872785
 -872785
 -871776
 -871776
 -871776
 -870767
 -870767
 -870767
 -869758
 -869758
 -869758
 -869758
 -868749
 -868749
 -868749
 -867740
 -867740
 -867740
 -866731
 -866731
 -903668
 -902616
 -902616
 -902616
 -901564
 -901564
 -901564
 -900512
 -900512
 -900512
 -899460
 -899460
 -899460
 -898408
 -898408
 -898408
 -897356
 -897356
 -897356
 -896304
 -896304
 -896304
 -895252
 -895252
 -895252
 -894200
 -894200
 -894200
 -894200
 -893148
 -893148
 -893148
 -892096
 -892096
 -892096
 -891044
 -891044
 -891044
 -889992
 -926370
 -926370
 -925275
 -925275
 -925275
 -924180
 -924180
 -923085
 -923085
 -923085
 -921990
 -921990
 -921990
 -920895
 -920895
 -920895
 -919800
 -919800
 -919800
 -918705
 -918705
 -918705
 -917610
 -917610
 -917610
 -916515
 -916515
 -916515
 -915420
 -915420
 -915420
 -914325
 -914325
 -914325
 -913230
 -913230
 -913230
 -912135
 -912135
 -947121
 -945984
 -945984
 -944847
 -944847
 -944847
 -943710
 -943710
 -943710
 -942573
 -942573
 -942573
 -941436
 -941436
 -941436
 -940299
 -940299
 -940299
 -939162
 -939162
 -939162
 -938025
 -938025
 -936888
 -936888
 -936888
 -935751
 -935751
 -935751
 -934614
 -934614
 -934614
 -933477
 -933477
 -933477
 -932340
 -932340
 -931203
 -931203
 -965601
 -964422
 -964422
 -964422
 -963243
 -963243
 -963243
 -962064
 -962064
 -960885
 -960885
 -960885
 -959706
 -959706
 -959706
 -958527
 -958527
 -958527
 -957348
 -957348
 -956169
 -956169
 -956169
 -954990
 -954990
 -954990
 -953811
 -953811
 -953811
 -952632
 -952632
 -951453
 -951453
 -951453
 -950274
 -950274
 -950274
 -949095
 -949095
 -980076
 -980076
 -980076
 -978857
 -978857
 -978857
 -977638
 -977638
 -976419
 -976419
 -976419
 -975200
 -975200
 -975200
 -973981
 -973981
 -972762
 -972762
 -972762
 -971543
 -971543
 -971543
 -970324
 -970324
 -969105
 -969105
 -969105
 -967886
 -967886
 -966667
 -966667
 -966667
 -965448
 -965448
 -965448
 -964229
 -964229
 -963010
 -963010
 -994610
 -993351
 -993351
 -992092
 -992092
 -992092
 -990833
 -990833
 -990833
 -989574
 -989574
 -988315
 -988315
 -988315
 -987056
 -987056
 -985797
 -985797
 -985797
 -984538
 -984538
 -983279
 -983279
 -983279
 -982020
 -982020
 -982020
 -980761
 -980761
 -979502
 -979502
 -979502
 -978243
 -978243
 -976984
 -976984
 -976984
 -975725
 -975725
-1005426
-1005426
-1005426
-1004127
-1004127
-1002828
-1002828
-1002828
-1001529
-1001529
-1000230
-1000230
-1000230
 -998931
 -998931
 -997632
 -997632
 -997632
 -996333
 -996333
 -995034
 -995034
 -995034
 -993735
 -993735
 -992436
 -992436
 -992436
 -991137
 -991137
 -989838
 -989838
 -989838
 -988539
 -988539
 -987240
 -987240
 -985941
 -985941
-1014783
-1013446
-1013446
-1012109
-1012109
-1012109
-1010772
-1010772
-1009435
-1009435
-1009435
-1008098
-1008098
-1006761
-1006761
-1006761
-1005424
-1005424
-1004087
-1004087
-1002750
-1002750
-1002750
-1001413
-1001413
-1000076
-1000076
-1000076
 -998739
 -998739
 -997402
 -997402
 -996065
 -996065
 -996065
 -994728
 -994728
 -993391
 -993391
-1021625
-1020250
-1020250
-1018875
-1018875
-1017500
-1017500
-1017500
-1016125
-1016125
-1014750
-1014750
-1013375
-1013375
-1013375
-1012000
-1012000
-1010625
-1010625
-1009250
-1009250
-1009250
-1007875
-1007875
-1006500
-1006500
-1005125
-1005125
-1005125
-1003750
-1003750
-1002375
-1002375
-1001000
-1001000
-1001000
 -999625
 -999625
 -998250
-1024386
-1022975
-1022975
-1022975
-1021564
-1021564
-1020153
-1020153
-1018742
-1018742
-1018742
-1017331
-1017331
-1015920
-1015920
-1014509
-1014509
-1014509
-1013098
-1013098
-1011687
-1011687
-1010276
-1010276
-1008865
-1008865
-1008865
-1007454
-1007454
-1006043
-1006043
-1004632
-1004632
-1003221
-1003221
-1003221
-1001810
-1001810
-1000399
-1000399
-1024476
-1024476
-1023029
-1023029
-1023029
-1021582
-1021582
-1020135
-1020135
-1018688
-1018688
-1017241
-1017241
-1017241
-1015794
-1015794
-1014347
-1014347
-1012900
-1012900
-1011453
-1011453
-1011453
-1010006
-1010006
-1008559
-1008559
-1007112
-1007112
-1005665
-1005665
-1005665
-1004218
-1004218
-1002771
-1002771
-1001324
-1001324
 -999877
-1024753
-1023270
-1023270
-1023270
-1021787
-1021787
-1020304
-1020304
-1018821
-1018821
-1017338
-1017338
-1015855
-1015855
-1015855
-1014372
-1014372
-1012889
-1012889
-1011406
-1011406
-1009923
-1009923
-1008440
-1008440
-1006957
-1006957
-1006957
-1005474
-1005474
-1003991
-1003991
-1002508
-1002508
-1001025
-1001025
 -999542
 -999542
 -998059
-1020941
-1020941
-1019424
-1019424
-1017907
-1017907
-1016390
-1016390
-1014873
-1014873
-1013356
-1013356
-1011839
-1011839
-1010322
-1010322
-1010322
-1008805
-1008805
-1007288
-1007288
-1005771
-1005771
-1004254
-1004254
-1002737
-1002737
-1001220
-1001220
 -999703
 -999703
 -998186
 -998186
 -998186
 -996669
 -996669
 -995152
 -995152
 -993635
-1015250
-1013700
-1013700
-1012150
-1012150
-1010600
-1010600
-1009050
-1009050
-1007500
-1007500
-1005950
-1005950
-1004400
-1004400
-1004400
-1002850
-1002850
-1001300
-1001300
 -999750
 -999750
 -998200
 -998200
 -996650
 -996650
 -995100
 -995100
 -993550
 -993550
 -992000
 -992000
 -990450
 -990450
 -988900
 -988900
 -987350
 -987350
 -985800
-1006152
-1004570
-1004570
-1004570
-1002988
-1002988
-1001406
-1001406
 -999824
 -999824
 -998242
 -998242
 -996660
 -996660
 -995078
 -995078
 -993496
 -993496
 -991914
 -991914
 -990332
 -990332
 -988750
 -988750
 -987168
 -987168
 -985586
 -985586
 -984004
 -984004
 -982422
 -982422
 -980840
 -980840
 -979258
 -979258
 -977676
 -977676
 -976094
 -995838
 -994224
 -994224
 -992610
 -992610
 -990996
 -990996
 -989382
 -989382
 -987768
 -987768
 -986154
 -986154
 -984540
 -984540
 -982926
 -982926
 -981312
 -981312
 -979698
 -979698
 -978084
 -978084
 -976470
 -976470
 -974856
 -974856
 -973242
 -973242
 -971628
 -971628
 -970014
 -970014
 -968400
 -968400
 -966786
 -966786
 -965172
 -965172
 -981468
 -981468
 -979824
 -979824
 -978180
 -978180
 -976536
 -976536
 -974892
 -974892
 -973248
 -973248
 -971604
 -971604
 -969960
 -969960
 -968316
 -968316
 -966672
 -966672
 -965028
 -965028
 -963384
 -963384
 -961740
 -961740
 -960096
 -960096
 -958452
 -958452
 -956808
 -956808
 -955164
 -955164
 -953520
 -953520
 -951876
 -951876
 -950232
 -967572
 -965898
 -965898
 -964224
 -964224
 -962550
 -962550
 -960876
 -959202
 -959202
 -957528
 -957528
 -955854
 -955854
 -954180
 -954180
 -952506
 -952506
 -950832
 -950832
 -949158
 -949158
 -947484
 -947484
 -945810
 -945810
 -944136
 -944136
 -942462
 -942462
 -940788
 -940788
 -939114
 -939114
 -937440
 -937440
 -935766
 -934092
 -934092
 -948014
 -948014
 -946312
 -946312
 -944610
 -944610
 -942908
 -942908
 -941206
 -941206
 -939504
 -939504
 -937802
 -937802
 -936100
 -936100
 -934398
 -934398
 -932696
 -930994
 -930994
 -929292
 -929292
 -927590
 -927590
 -925888
 -925888
 -924186
 -924186
 -922484
 -922484
 -920782
 -920782
 -919080
 -919080
 -917378
 -917378
 -915676
 -913974
 -928473
 -926744
 -926744
 -925015
 -925015
 -923286
 -923286
 -921557
 -921557
 -919828
 -919828
 -918099
 -918099
 -916370
 -914641
 -914641
 -912912
 -912912
 -911183
 -911183
 -909454
 -909454
 -907725
 -907725
 -905996
 -905996
 -904267
 -904267
 -902538
 -900809
 -900809
 -899080
 -899080
 -897351
 -897351
 -895622
 -895622
 -893893
 -893893
 -906096
 -906096
 -904340
 -902584
 -902584
 -900828
 -900828
 -899072
 -899072
 -897316
 -897316
 -895560
 -895560
 -893804
 -893804
 -892048
 -890292
 -890292
 -888536
 -888536
 -886780
 -886780
 -885024
 -885024
 -883268
 -883268
 -881512
 -879756
 -879756
 -878000
 -878000
 -876244
 -876244
 -874488
 -874488
 -872732
 -872732
 -870976
 -870976
 -881595
 -879814
 -879814
 -878033
 -878033
 -876252
 -876252
 -874471
 -874471
 -872690
 -870909
 -870909
 -869128
 -869128
 -867347
 -867347
 -865566
 -865566
 -863785
 -863785
 -862004
 -860223
 -860223
 -858442
 -858442
 -856661
 -856661
 -854880
 -854880
 -853099
 -851318
 -851318
 -849537
 -849537
 -847756
 -847756
 -845975
 -845975
 -844194
 -855570
 -853765
 -851960
 -851960
 -850155
 -850155
 -848350
 -848350
 -846545
 -846545
 -844740
 -842935
 -842935
 -841130
 -841130
 -839325
 -839325
 -837520
 -837520
 -835715
 -833910
 -833910
 -832105
 -832105
 -830300
 -830300
 -828495
 -828495
 -826690
 -824885
 -824885
 -823080
 -823080
 -821275
 -821275
 -819470
 -817665
 -817665
 -815860
 -826256
 -824428
 -824428
 -822600
 -822600
 -820772
 -818944
 -818944
 -817116
 -817116
 -815288
 -815288
 -813460
 -813460
 -811632
 -809804
 -809804
 -807976
 -807976
 -806148
 -806148
 -804320
 -802492
 -802492
 -800664
 -800664
 -798836
 -798836
 -797008
 -795180
 -795180
 -793352
 -793352
 -791524
 -791524
 -789696
 -789696
 -787868
 -786040
 -795500
 -793650
 -793650
 -791800
 -791800
 -789950
 -788100
 -788100
 -786250
 -786250
 -784400
 -784400
 -782550
 -780700
 -780700
 -778850
 -778850
 -777000
 -777000
 -775150
 -773300
 -773300
 -771450
 -771450
 -769600
 -769600
 -767750
 -765900
 -765900
 -764050
 -764050
 -762200
 -762200
 -760350
 -758500
 -758500
 -756650
 -756650
 -754800
 -763368
 -761497
 -759626
 -759626
 -757755
 -757755
 -755884
 -755884
 -754013
 -752142
 -752142
 -750271
 -750271
 -748400
 -748400
 -746529
 -744658
 -744658
 -742787
 -742787
 -740916
 -739045
 -739045
 -737174
 -737174
 -735303
 -735303
 -733432
 -731561
 -731561
 -729690
 -729690
 -727819
 -727819
 -725948
 -724077
 -724077
 -722206
 -722206
 -720335
 -728035
 -726144
 -724253
 -724253
 -722362
 -722362
 -720471
 -718580
 -718580
 -716689
 -716689
 -714798
 -714798
 -712907
 -711016
 -711016
 -709125
 -709125
 -707234
 -705343
 -705343
 -703452
 -703452
 -701561
 -701561
 -699670
 -697779
 -697779
 -695888
 -695888
 -693997
 -692106
 -692106
 -690215
 -690215
 -688324
 -688324
 -686433
 -684542
 -691420
 -689510
 -689510
 -687600
 -685690
 -685690
 -683780
 -683780
 -681870
 -679960
 -679960
 -678050
 -678050
 -676140
 -676140
 -674230
 -672320
 -672320
 -670410
 -670410
 -668500
 -666590
 -666590
 -664680
 -664680
 -662770
 -662770
 -660860
 -658950
 -658950
 -657040
 -657040
 -655130
 -653220
 -653220
 -651310
 -651310
 -649400
 -647490
 -653253
 -651326
 -651326
 -649399
 -647472
 -647472
 -645545
 -645545
 -643618
 -643618
 -641691
 -639764
 -639764
 -637837
 -637837
 -635910
 -633983
 -633983
 -632056
 -632056
 -630129
 -628202
 -628202
 -626275
 -626275
 -624348
 -622421
 -622421
 -620494
 -620494
 -618567
 -616640
 -616640
 -614713
 -614713
 -612786
 -610859
 -610859
 -608932
 -614304
 -612360
 -610416
 -610416
 -608472
 -608472
 -606528
 -606528
 -604584
 -602640
 -602640
 -600696
 -600696
 -598752
 -596808
 -596808
 -594864
 -594864
 -592920
 -590976
 -590976
 -589032
 -589032
 -587088
 -585144
 -585144
 -583200
 -583200
 -581256
 -579312
 -579312
 -577368
 -577368
 -575424
 -573480
 -573480
 -571536
 -571536
 -569592
 -572028
 -572028
 -570069
 -570069
 -568110
 -566151
 -566151
 -564192
 -564192
 -562233
 -560274
 -560274
 -558315
 -558315
 -556356
 -554397
 -554397
 -552438
 -552438
 -550479
 -548520
 -548520
 -546561
 -544602
 -544602
 -542643
 -542643
 -540684
 -538725
 -538725
 -536766
 -536766
 -534807
 -532848
 -532848
 -530889
 -530889
 -528930
 -526971
 -530737
 -528764
 -528764
 -526791
 -524818
 -524818
 -522845
 -522845
 -520872
 -518899
 -518899
 -516926
 -516926
 -514953
 -512980
 -512980
 -511007
 -511007
 -509034
 -507061
 -507061
 -505088
 -503115
 -503115
 -501142
 -501142
 -499169
 -497196
 -497196
 -495223
 -495223
 -493250
 -491277
 -491277
 -489304
 -489304
 -487331
 -485358
 -485358
 -486570
 -486570
 -484584
 -482598
 -482598
 -480612
 -478626
 -478626
 -476640
 -476640
 -474654
 -472668
 -472668
 -470682
 -470682
 -468696
 -466710
 -466710
 -464724
 -464724
 -462738
 -460752
 -460752
 -458766
 -458766
 -456780
 -454794
 -454794
 -452808
 -450822
 -450822
 -448836
 -448836
 -446850
 -444864
 -444864
 -442878
 -442878
 -440892
 -441337
 -441337
 -439340
 -437343
 -437343
 -435346
 -435346
 -433349
 -431352
 -431352
 -429355
 -429355
 -427358
 -425361
 -425361
 -423364
 -423364
 -421367
 -419370
 -419370
 -417373
 -415376
 -415376
 -413379
 -413379
 -411382
 -409385
 -409385
 -407388
 -407388
 -405391
 -403394
 -403394
 -401397
 -399400
 -399400
 -397403
 -397403
 -395406
 -395576
 -395576
 -393568
 -393568
 -391560
 -389552
 -389552
 -387544
 -385536
 -385536
 -383528
 -383528
 -381520
 -379512
 -379512
 -377504
 -375496
 -375496
 -373488
 -373488
 -371480
 -369472
 -369472
 -367464
 -367464
 -365456
 -363448
 -363448
 -361440
 -359432
 -359432
 -357424
 -357424
 -355416
 -353408
 -353408
 -351400
 -351400
 -349392
 -348941
 -348941
 -346924
 -344907
 -344907
 -342890
 -342890
 -340873
 -338856
 -338856
 -336839
 -334822
 -334822
 -332805
 -332805
 -330788
 -328771
 -328771
 -326754
 -326754
 -324737
 -322720
 -322720
 -320703
 -318686
 -318686
 -316669
 -316669
 -314652
 -312635
 -312635
 -310618
 -308601
 -308601
 -306584
 -306584
 -304567
 -302550
 -302550
 -301725
 -299700
 -299700
 -297675
 -297675
 -295650
 -293625
 -293625
 -291600
 -291600
 -289575
 -287550
 -287550
 -285525
 -283500
 -283500
 -281475
 -281475
 -279450
 -277425
 -277425
 -275400
 -273375
 -273375
 -271350
 -271350
 -269325
 -267300
 -267300
 -265275
 -263250
 -263250
 -261225
 -261225
 -259200
 -257175
 -257175
 -255150
 -253125
 -254000
 -251968
 -251968
 -249936
 -247904
 -247904
 -245872
 -243840
 -243840
 -241808
 -241808
 -239776
 -237744
 -237744
 -235712
 -233680
 -233680
 -231648
 -231648
 -229616
 -227584
 -227584
 -225552
 -223520
 -223520
 -221488
 -221488
 -219456
 -217424
 -217424
 -215392
 -213360
 -213360
 -211328
 -211328
 -209296
 -207264
 -207264
 -205232
 -203700
 -203700
 -201663
 -201663
 -199626
 -197589
 -197589
 -195552
 -193515
 -193515
 -191478
 -191478
 -189441
 -187404
 -187404
 -185367
 -183330
 -183330
 -181293
 -181293
 -179256
 -177219
 -177219
 -175182
 -173145
 -173145
 -171108
 -171108
 -169071
 -167034
 -167034
 -164997
 -162960
 -162960
 -160923
 -160923
 -158886
 -156849
 -156849
 -155116
 -153075
 -153075
 -151034
 -151034
 -148993
 -146952
 -146952
 -144911
 -142870
 -142870
 -140829
 -140829
 -138788
 -136747
 -136747
 -134706
 -132665
 -132665
 -130624
 -130624
 -128583
 -126542
 -126542
 -124501
 -122460
 -122460
 -120419
 -120419
 -118378
 -116337
 -116337
 -114296
 -112255
 -112255
 -110214
 -110214
 -108173
 -106132
 -106340
 -104295
 -102250
 -102250
 -100205
  -98160
  -98160
  -96115
  -96115
  -94070
  -92025
  -92025
  -89980
  -87935
  -87935
  -85890
  -85890
  -83845
  -81800
  -81800
  -79755
  -77710
  -77710
  -75665
  -75665
  -73620
  -71575
  -71575
  -69530
  -67485
  -67485
  -65440
  -65440
  -63395
  -61350
  -61350
  -59305
  -57260
  -57260
  -55242
  -55242
  -53196
  -51150
  -51150
  -49104
  -47058
  -47058
  -45012
  -42966
  -42966
  -40920
  -40920
  -38874
  -36828
  -36828
  -34782
  -32736
  -32736
  -30690
  -30690
  -28644
  -26598
  -26598
  -24552
  -22506
  -22506
  -20460
  -20460
  -18414
  -16368
  -16368
  -14322
  -12276
  -12276
  -10230
  -10230
   -8184
   -6138
   -6138
   -4094
   -2047
   -2047
