       0
       0
       0
       0
       0
       0
       0
       0
       0
       0
       0
       0
       0
       0
       0
       0
       0
       0
       0
       0
       0
       0
       0
       0
       0
       0
       0
       0
       0
       0
       0
       0
       0
       0
       0
    1050
    1100
    1150
    1150
    1200
    1250
    1250
    1300
    1350
    1350
    1400
    1400
    1450
    1500
    1500
    1550
    1600
    1600
    1650
    1650
    1700
    1750
    1750
    1800
    1850
    1850
    1900
    1900
    1950
    2000
    2000
    2050
    2100
    2100
    2150
    2150
    2200
    2250
    2250
    4600
    4700
    4700
    4800
    4800
    4900
    5000
    5000
    5100
    5200
    5200
    5300
    5400
    5400
    5500
    5500
    5600
    5700
    5700
    5800
    5900
    5900
    6000
    6000
    6100
    6200
    6200
    6300
    6400
    6400
    6500
    6500
    6600
    6700
    6700
    6800
    6900
    6900
    7000
   10570
   10721
   10872
   10872
   11023
   11174
   11174
   11325
   11325
   11476
   11627
   11627
   11778
   11929
   11929
   12080
   12080
   12231
   12382
   12382
   12533
   12684
   12684
   12835
   12835
   12986
   13137
   13137
   13288
   13439
   13439
   13590
   13590
   13741
   13892
   13892
   14043
   14194
   14194
   19095
   19095
   19296
   19497
   19497
   19698
   19899
   19899
   20100
   20100
   20301
   20502
   20502
   20703
   20904
   20904
   21105
   21105
   21306
   21507
   21507
   21708
   21909
   21909
   22110
   22110
   22311
   22512
   22512
   22713
   22914
   22914
   23115
   23115
   23316
   23517
   23517
   23718
   23919
   29869
   30120
   30120
   30371
   30622
   30622
   30873
   31124
   31124
   31375
   31375
   31626
   31877
   31877
   32128
   32379
   32379
   32630
   32630
   32881
   33132
   33132
   33383
   33634
   33634
   33885
   33885
   34136
   34387
   34387
   34638
   34889
   34889
   35140
   35140
   35391
   35642
   35642
   35893
   43200
   43200
   43500
   43500
   43800
   44100
   44100
   44400
   44400
   44700
   45000
   45000
   45300
   45600
   45600
   45900
   45900
   46200
   46500
   46500
   46800
   47100
   47100
   47400
   47400
   47700
   48000
   48000
   48300
   48600
   48600
   48900
   48900
   49200
   49500
   49500
   49800
   49800
   50100
   58800
   58800
   59150
   59500
   59500
   59850
   59850
   60200
   60550
   60550
   60900
   61250
   61250
   61600
   61600
   61950
   62300
   62300
   62650
   62650
   63000
   63350
   63350
   63700
   64050
   64050
   64400
   64400
   64750
   65100
   65100
   65450
   65450
   65800
   66150
   66150
   66500
   66850
   66850
   76608
   76608
   77007
   77406
   77406
   77805
   78204
   78204
   78603
   78603
   79002
   79401
   79401
   79800
   79800
   80199
   80598
   80598
   80997
   81396
   81396
   81795
   81795
   82194
   82593
   82593
   82992
   82992
   83391
   83790
   83790
   84189
   84588
   84588
   84987
   84987
   85386
   85785
   85785
   96984
   96984
   97433
   97882
   97882
   98331
   98331
   98780
   99229
   99229
   99678
  100127
  100127
  100576
  100576
  101025
  101474
  101474
  101923
  101923
  102372
  102821
  102821
  103270
  103719
  103719
  104168
  104168
  104617
  105066
  105066
  105515
  105515
  105964
  106413
  106413
  106862
  106862
  107311
  119280
  119280
  119777
  119777
  120274
  120771
  120771
  121268
  121765
  121765
  122262
  122262
  122759
  123256
  123256
  123753
  123753
  124250
  124747
  124747
  125244
  125244
  125741
  126238
  126238
  126735
  126735
  127232
  127729
  127729
  128226
  128723
  128723
  129220
  129220
  129717
  130214
  130214
  130711
  143598
  144144
  144690
  144690
  145236
  145236
  145782
  146328
  146328
  146874
  146874
  147420
  147966
  147966
  148512
  148512
  149058
  149604
  149604
  150150
  150150
  150696
  151242
  151242
  151788
  151788
  152334
  152880
  152880
  153426
  153972
  153972
  154518
  154518
  155064
  155610
  155610
  156156
  156156
  170478
  171072
  171072
  171666
  171666
  172260
  172854
  172854
  173448
  173448
  174042
  174636
  174636
  175230
  175230
  175824
  176418
  176418
  177012
  177012
  177606
  178200
  178200
  178794
  178794
  179388
  179982
  179982
  180576
  180576
  181170
  181764
  181764
  182358
  182358
  182952
  183546
  183546
  184140
  199020
  199662
  200304
  200304
  200946
  200946
  201588
  201588
  202230
  202872
  202872
  203514
  203514
  204156
  204798
  204798
  205440
  205440
  206082
  206724
  206724
  207366
  207366
  208008
  208650
  208650
  209292
  209292
  209934
  210576
  210576
  211218
  211218
  211860
  212502
  212502
  213144
  213144
  213786
  230460
  230460
  231150
  231150
  231840
  231840
  232530
  233220
  233220
  233910
  233910
  234600
  235290
  235290
  235980
  235980
  236670
  237360
  237360
  238050
  238050
  238740
  239430
  239430
  240120
  240120
  240810
  240810
  241500
  242190
  242190
  242880
  242880
  243570
  244260
  244260
  244950
  244950
  245640
  262372
  263109
  263846
  263846
  264583
  264583
  265320
  266057
  266057
  266794
  266794
  267531
  268268
  268268
  269005
  269005
  269742
  269742
  270479
  271216
  271216
  271953
  271953
  272690
  273427
  273427
  274164
  274164
  274901
  274901
  275638
  276375
  276375
  277112
  277112
  277849
  278586
  278586
  279323
  279323
  297540
  297540
  298323
  299106
  299106
  299889
  299889
  300672
  301455
  301455
  302238
  302238
  303021
  303021
  303804
  304587
  304587
  305370
  305370
  306153
  306153
  306936
  307719
  307719
  308502
  308502
  309285
  309285
  310068
  310851
  310851
  311634
  311634
  312417
  313200
  313200
  313983
  313983
  314766
  333660
  334490
  335320
  335320
  336150
  336150
  336980
  336980
  337810
  338640
  338640
  339470
  339470
  340300
  340300
  341130
  341960
  341960
  342790
  342790
  343620
  343620
  344450
  345280
  345280
  346110
  346110
  346940
  346940
  347770
  348600
  348600
  349430
  349430
  350260
  350260
  351090
  351920
  351920
  371875
  371875
  372750
  372750
  373625
  374500
  374500
  375375
  375375
  376250
  376250
  377125
  378000
  378000
  378875
  378875
  379750
  379750
  380625
  380625
  381500
  382375
  382375
  383250
  383250
  384125
  384125
  385000
  385875
  385875
  386750
  386750
  387625
  387625
  388500
  389375
  389375
  390250
  390250
  411240
  411240
  412160
  412160
  413080
  414000
  414000
  414920
  414920
  415840
  415840
  416760
  416760
  417680
  418600
  418600
  419520
  419520
  420440
  420440
  421360
  422280
  422280
  423200
  423200
  424120
  424120
  425040
  425040
  425960
  426880
  426880
  427800
  427800
  428720
  428720
  429640
  429640
  430560
  452585
  452585
  453550
  453550
  454515
  454515
  455480
  455480
  456445
  457410
  457410
  458375
  458375
  459340
  459340
  460305
  460305
  461270
  461270
  462235
  463200
  463200
  464165
  464165
  465130
  465130
  466095
  466095
  467060
  468025
  468025
  468990
  468990
  469955
  469955
  470920
  470920
  471885
  471885
  494410
  495419
  495419
  496428
  496428
  497437
  497437
  498446
  498446
  499455
  500464
  500464
  501473
  501473
  502482
  502482
  503491
  503491
  504500
  504500
  505509
  505509
  506518
  507527
  507527
  508536
  508536
  509545
  509545
  510554
  510554
  511563
  511563
  512572
  513581
  513581
  514590
  514590
  515599
  537572
  538624
  538624
  539676
  539676
  540728
  540728
  541780
  542832
  542832
  543884
  543884
  544936
  544936
  545988
  545988
  547040
  547040
  548092
  548092
  549144
  550196
  550196
  551248
  551248
  552300
  552300
  553352
  553352
  554404
  554404
  555456
  555456
  556508
  556508
  557560
  558612
  558612
  559664
  582540
  583635
  583635
  584730
  584730
  585825
  585825
  586920
  586920
  588015
  588015
  589110
  590205
  590205
  591300
  591300
  592395
  592395
  593490
  593490
  594585
  594585
  595680
  595680
  596775
  596775
  597870
  597870
  598965
  598965
  600060
  601155
  601155
  602250
  602250
  603345
  603345
  604440
  604440
  628761
  628761
  629898
  629898
  631035
  631035
  632172
  632172
  633309
  633309
  634446
  634446
  635583
  636720
  636720
  637857
  637857
  638994
  638994
  640131
  640131
  641268
  641268
  642405
  642405
  643542
  643542
  644679
  644679
  645816
  645816
  646953
  646953
  648090
  648090
  649227
  649227
  650364
  650364
  675567
  675567
  676746
  677925
  677925
  679104
  679104
  680283
  680283
  681462
  681462
  682641
  682641
  683820
  683820
  684999
  684999
  686178
  686178
  687357
  687357
  688536
  688536
  689715
  689715
  690894
  690894
  692073
  692073
  693252
  693252
  694431
  694431
  695610
  695610
  696789
  696789
  697968
  697968
  722867
  722867
  724086
  724086
  725305
  725305
  726524
  726524
  727743
  727743
  728962
  728962
  730181
  730181
  731400
  731400
  732619
  732619
  733838
  733838
  735057
  735057
  736276
  736276
  737495
  737495
  738714
  738714
  739933
  739933
  741152
  741152
  742371
  742371
  743590
  743590
  744809
  744809
  746028
  770508
  771767
  771767
  773026
  773026
  774285
  774285
  775544
  775544
  776803
  776803
  778062
  778062
  779321
  779321
  780580
  780580
  781839
  781839
  783098
  783098
  784357
  784357
  785616
  785616
  786875
  786875
  788134
  788134
  789393
  789393
  790652
  790652
  791911
  791911
  793170
  793170
  794429
  794429
  820968
  820968
  822267
  822267
  823566
  823566
  824865
  824865
  824865
  826164
  826164
  827463
  827463
  828762
  828762
  830061
  830061
  831360
  831360
  832659
  832659
  833958
  833958
  835257
  835257
  836556
  836556
  837855
  837855
  839154
  839154
  840453
  840453
  841752
  841752
  841752
  843051
  843051
  844350
  869050
  870387
  870387
  871724
  871724
  873061
  873061
  874398
  874398
  875735
  875735
  877072
  877072
  878409
  878409
  879746
  879746
  879746
  881083
  881083
  882420
  882420
  883757
  883757
  885094
  885094
  886431
  886431
  887768
  887768
  889105
  889105
  890442
  890442
  890442
  891779
  891779
  893116
  893116
  919875
  919875
  921250
  921250
  922625
  922625
  924000
  924000
  925375
  925375
  925375
  926750
  926750
  928125
  928125
  929500
  929500
  930875
  930875
  932250
  932250
  933625
  933625
  933625
  935000
  935000
  936375
  936375
  937750
  937750
  939125
  939125
  940500
  940500
  941875
  941875
  941875
  943250
  943250
  969357
  969357
  970768
  970768
  972179
  972179
  973590
  973590
  973590
  975001
  975001
  976412
  976412
  977823
  977823
  979234
  979234
  980645
  980645
  980645
  982056
  982056
  983467
  983467
  984878
  984878
  986289
  986289
  986289
  987700
  987700
  989111
  989111
  990522
  990522
  991933
  991933
  991933
  993344
  993344
 1020135
 1020135
 1021582
 1021582
 1023029
 1023029
 1023029
 1024476
 1024476
 1025923
 1025923
 1027370
 1027370
 1028817
 1028817
 1028817
 1030264
 1030264
 1031711
 1031711
 1033158
 1033158
 1034605
 1034605
 1034605
 1036052
 1036052
 1037499
 1037499
 1038946
 1038946
 1040393
 1040393
 1040393
 1041840
 1041840
 1043287
 1043287
 1044734
 1070726
 1070726
 1072209
 1072209
 1073692
 1073692
 1075175
 1075175
 1075175
 1076658
 1076658
 1078141
 1078141
 1079624
 1079624
 1079624
 1081107
 1081107
 1082590
 1082590
 1084073
 1084073
 1084073
 1085556
 1085556
 1087039
 1087039
 1088522
 1088522
 1088522
 1090005
 1090005
 1091488
 1091488
 1092971
 1092971
 1092971
 1094454
 1094454
 1121063
 1121063
 1122580
 1122580
 1122580
 1124097
 1124097
 1125614
 1125614
 1127131
 1127131
 1127131
 1128648
 1128648
 1130165
 1130165
 1130165
 1131682
 1131682
 1133199
 1133199
 1134716
 1134716
 1134716
 1136233
 1136233
 1137750
 1137750
 1137750
 1139267
 1139267
 1140784
 1140784
 1142301
 1142301
 1142301
 1143818
 1143818
 1145335
 1170250
 1170250
 1171800
 1171800
 1173350
 1173350
 1173350
 1174900
 1174900
 1176450
 1176450
 1176450
 1178000
 1178000
 1179550
 1179550
 1181100
 1181100
 1181100
 1182650
 1182650
 1184200
 1184200
 1184200
 1185750
 1185750
 1187300
 1187300
 1187300
 1188850
 1188850
 1190400
 1190400
 1190400
 1191950
 1191950
 1193500
 1193500
 1193500
 1219722
 1219722
 1221304
 1221304
 1221304
 1222886
 1222886
 1224468
 1224468
 1224468
 1226050
 1226050
 1227632
 1227632
 1227632
 1229214
 1229214
 1230796
 1230796
 1230796
 1232378
 1232378
 1233960
 1233960
 1233960
 1235542
 1235542
 1235542
 1237124
 1237124
 1238706
 1238706
 1238706
 1240288
 1240288
 1241870
 1241870
 1241870
 1243452
 1268604
 1270218
 1270218
 1270218
 1271832
 1271832
 1271832
 1273446
 1273446
 1275060
 1275060
 1275060
 1276674
 1276674
 1278288
 1278288
 1278288
 1279902
 1279902
 1279902
 1281516
 1281516
 1283130
 1283130
 1283130
 1284744
 1284744
 1286358
 1286358
 1286358
 1287972
 1287972
 1287972
 1289586
 1289586
 1291200
 1291200
 1291200
 1292814
 1316844
 1316844
 1318488
 1318488
 1320132
 1320132
 1320132
 1321776
 1321776
 1321776
 1323420
 1323420
 1325064
 1325064
 1325064
 1326708
 1326708
 1326708
 1328352
 1328352
 1329996
 1329996
 1329996
 1331640
 1331640
 1331640
 1333284
 1333284
 1333284
 1334928
 1334928
 1336572
 1336572
 1336572
 1338216
 1338216
 1338216
 1339860
 1339860
 1364310
 1365984
 1365984
 1367658
 1367658
 1367658
 1369332
 1369332
 1369332
 1371006
 1371006
 1371006
 1372680
 1372680
 1374354
 1374354
 1374354
 1376028
 1376028
 1376028
 1377702
 1377702
 1377702
 1379376
 1379376
 1379376
 1381050
 1381050
 1382724
 1382724
 1382724
 1384398
 1384398
 1384398
 1386072
 1386072
 1386072
 1387746
 1387746
 1410958
 1412660
 1412660
 1412660
 1414362
 1414362
 1414362
 1416064
 1416064
 1417766
 1417766
 1417766
 1419468
 1419468
 1419468
 1421170
 1421170
 1421170
 1422872
 1422872
 1422872
 1424574
 1424574
 1424574
 1426276
 1426276
 1426276
 1427978
 1427978
 1427978
 1429680
 1429680
 1429680
 1431382
 1431382
 1431382
 1433084
 1433084
 1433084
 1457547
 1457547
 1457547
 1459276
 1459276
 1461005
 1461005
 1461005
 1462734
 1462734
 1462734
 1464463
 1464463
 1464463
 1466192
 1466192
 1466192
 1467921
 1467921
 1467921
 1469650
 1469650
 1469650
 1469650
 1471379
 1471379
 1471379
 1473108
 1473108
 1473108
 1474837
 1474837
 1474837
 1476566
 1476566
 1476566
 1478295
 1478295
 1478295
 1503136
 1503136
 1503136
 1504892
 1504892
 1504892
 1506648
 1506648
 1506648
 1508404
 1508404
 1508404
 1510160
 1510160
 1510160
 1511916
 1511916
 1511916
 1513672
 1513672
 1513672
 1513672
 1515428
 1515428
 1515428
 1517184
 1517184
 1517184
 1518940
 1518940
 1518940
 1520696
 1520696
 1520696
 1522452
 1522452
 1522452
 1524208
 1524208
 1545908
 1545908
 1547689
 1547689
 1547689
 1549470
 1549470
 1549470
 1551251
 1551251
 1551251
 1553032
 1553032
 1553032
 1553032
 1554813
 1554813
 1554813
 1556594
 1556594
 1556594
 1558375
 1558375
 1558375
 1560156
 1560156
 1560156
 1560156
 1561937
 1561937
 1561937
 1563718
 1563718
 1563718
 1565499
 1565499
 1565499
 1565499
 1567280
 1588400
 1588400
 1590205
 1590205
 1590205
 1590205
 1592010
 1592010
 1592010
 1593815
 1593815
 1593815
 1595620
 1595620
 1595620
 1595620
 1597425
 1597425
 1597425
 1599230
 1599230
 1599230
 1599230
 1601035
 1601035
 1601035
 1602840
 1602840
 1602840
 1604645
 1604645
 1604645
 1604645
 1606450
 1606450
 1606450
 1608255
 1608255
 1608255
 1628748
 1630576
 1630576
 1630576
 1630576
 1632404
 1632404
 1632404
 1634232
 1634232
 1634232
 1634232
 1636060
 1636060
 1636060
 1637888
 1637888
 1637888
 1637888
 1639716
 1639716
 1639716
 1641544
 1641544
 1641544
 1641544
 1643372
 1643372
 1643372
 1643372
 1645200
 1645200
 1645200
 1647028
 1647028
 1647028
 1647028
 1648856
 1648856
 1668700
 1668700
 1670550
 1670550
 1670550
 1672400
 1672400
 1672400
 1672400
 1674250
 1674250
 1674250
 1674250
 1676100
 1676100
 1676100
 1676100
 1677950
 1677950
 1677950
 1679800
 1679800
 1679800
 1679800
 1681650
 1681650
 1681650
 1681650
 1683500
 1683500
 1683500
 1683500
 1685350
 1685350
 1685350
 1685350
 1687200
 1687200
 1687200
 1706352
 1708223
 1708223
 1708223
 1708223
 1710094
 1710094
 1710094
 1710094
 1711965
 1711965
 1711965
 1711965
 1713836
 1713836
 1713836
 1715707
 1715707
 1715707
 1715707
 1717578
 1717578
 1717578
 1717578
 1717578
 1719449
 1719449
 1719449
 1719449
 1721320
 1721320
 1721320
 1721320
 1723191
 1723191
 1723191
 1723191
 1725062
 1725062
 1725062
 1743502
 1745393
 1745393
 1745393
 1745393
 1747284
 1747284
 1747284
 1747284
 1749175
 1749175
 1749175
 1749175
 1751066
 1751066
 1751066
 1751066
 1751066
 1752957
 1752957
 1752957
 1752957
 1754848
 1754848
 1754848
 1754848
 1756739
 1756739
 1756739
 1756739
 1758630
 1758630
 1758630
 1758630
 1758630
 1760521
 1760521
 1760521
 1760521
 1780120
 1780120
 1780120
 1780120
 1780120
 1782030
 1782030
 1782030
 1782030
 1783940
 1783940
 1783940
 1783940
 1783940
 1785850
 1785850
 1785850
 1785850
 1787760
 1787760
 1787760
 1787760
 1787760
 1789670
 1789670
 1789670
 1789670
 1791580
 1791580
 1791580
 1791580
 1791580
 1793490
 1793490
 1793490
 1793490
 1795400
 1795400
 1795400
 1811380
 1811380
 1813307
 1813307
 1813307
 1813307
 1813307
 1815234
 1815234
 1815234
 1815234
 1815234
 1817161
 1817161
 1817161
 1817161
 1819088
 1819088
 1819088
 1819088
 1819088
 1821015
 1821015
 1821015
 1821015
 1821015
 1822942
 1822942
 1822942
 1822942
 1822942
 1824869
 1824869
 1824869
 1824869
 1824869
 1826796
 1826796
 1826796
 1842912
 1842912
 1844856
 1844856
 1844856
 1844856
 1844856
 1846800
 1846800
 1846800
 1846800
 1846800
 1848744
 1848744
 1848744
 1848744
 1848744
 1850688
 1850688
 1850688
 1850688
 1850688
 1850688
 1852632
 1852632
 1852632
 1852632
 1852632
 1854576
 1854576
 1854576
 1854576
 1854576
 1856520
 1856520
 1856520
 1856520
 1856520
 1856520
 1872804
 1872804
 1872804
 1872804
 1872804
 1874763
 1874763
 1874763
 1874763
 1874763
 1874763
 1876722
 1876722
 1876722
 1876722
 1876722
 1878681
 1878681
 1878681
 1878681
 1878681
 1878681
 1880640
 1880640
 1880640
 1880640
 1880640
 1880640
 1882599
 1882599
 1882599
 1882599
 1882599
 1884558
 1884558
 1884558
 1884558
 1884558
 1884558
 1899999
 1899999
 1899999
 1899999
 1899999
 1899999
 1901972
 1901972
 1901972
 1901972
 1901972
 1901972
 1903945
 1903945
 1903945
 1903945
 1903945
 1903945
 1905918
 1905918
 1905918
 1905918
 1905918
 1905918
 1907891
 1907891
 1907891
 1907891
 1907891
 1907891
 1907891
 1909864
 1909864
 1909864
 1909864
 1909864
 1909864
 1911837
 1911837
 1924434
 1924434
 1924434
 1924434
 1924434
 1926420
 1926420
 1926420
 1926420
 1926420
 1926420
 1928406
 1928406
 1928406
 1928406
 1928406
 1928406
 1928406
 1930392
 1930392
 1930392
 1930392
 1930392
 1930392
 1930392
 1932378
 1932378
 1932378
 1932378
 1932378
 1932378
 1932378
 1934364
 1934364
 1934364
 1934364
 1934364
 1934364
 1934364
 1947075
 1947075
 1947075
 1947075
 1947075
 1947075
 1947075
 1949072
 1949072
 1949072
 1949072
 1949072
 1949072
 1949072
 1951069
 1951069
 1951069
 1951069
 1951069
 1951069
 1951069
 1951069
 1953066
 1953066
 1953066
 1953066
 1953066
 1953066
 1953066
 1953066
 1955063
 1955063
 1955063
 1955063
 1955063
 1955063
 1955063
 1955063
 1957060
 1967840
 1967840
 1967840
 1967840
 1967840
 1967840
 1967840
 1969848
 1969848
 1969848
 1969848
 1969848
 1969848
 1969848
 1969848
 1971856
 1971856
 1971856
 1971856
 1971856
 1971856
 1971856
 1971856
 1971856
 1973864
 1973864
 1973864
 1973864
 1973864
 1973864
 1973864
 1973864
 1975872
 1975872
 1975872
 1975872
 1975872
 1975872
 1975872
 1984728
 1984728
 1986745
 1986745
 1986745
 1986745
 1986745
 1986745
 1986745
 1986745
 1986745
 1986745
 1988762
 1988762
 1988762
 1988762
 1988762
 1988762
 1988762
 1988762
 1988762
 1988762
 1990779
 1990779
 1990779
 1990779
 1990779
 1990779
 1990779
 1990779
 1990779
 1990779
 1992796
 1992796
 1992796
 1992796
 1992796
 1992796
 1992796
 2000700
 2000700
 2000700
 2002725
 2002725
 2002725
 2002725
 2002725
 2002725
 2002725
 2002725
 2002725
 2002725
 2002725
 2004750
 2004750
 2004750
 2004750
 2004750
 2004750
 2004750
 2004750
 2004750
 2004750
 2004750
 2004750
 2006775
 2006775
 2006775
 2006775
 2006775
 2006775
 2006775
 2006775
 2006775
 2006775
 2006775
 2006775
 2008800
 2015744
 2015744
 2015744
 2015744
 2015744
 2015744
 2015744
 2015744
 2015744
 2015744
 2015744
 2015744
 2017776
 2017776
 2017776
 2017776
 2017776
 2017776
 2017776
 2017776
 2017776
 2017776
 2017776
 2017776
 2017776
 2017776
 2019808
 2019808
 2019808
 2019808
 2019808
 2019808
 2019808
 2019808
 2019808
 2019808
 2019808
 2019808
 2019808
 2024778
 2024778
 2026815
 2026815
 2026815
 2026815
 2026815
 2026815
 2026815
 2026815
 2026815
 2026815
 2026815
 2026815
 2026815
 2026815
 2026815
 2026815
 2026815
 2028852
 2028852
 2028852
 2028852
 2028852
 2028852
 2028852
 2028852
 2028852
 2028852
 2028852
 2028852
 2028852
 2028852
 2028852
 2028852
 2028852
 2028852
 2028852
 2030889
 2034877
 2034877
 2034877
 2034877
 2034877
 2034877
 2034877
 2034877
 2034877
 2034877
 2034877
 2034877
 2034877
 2034877
 2034877
 2034877
 2034877
 2034877
 2034877
 2034877
 2034877
 2034877
 2036918
 2036918
 2036918
 2036918
 2036918
 2036918
 2036918
 2036918
 2036918
 2036918
 2036918
 2036918
 2036918
 2036918
 2036918
 2036918
 2036918
 2040910
 2040910
 2040910
 2040910
 2040910
 2040910
 2040910
 2040910
 2040910
 2040910
 2040910
 2040910
 2042955
 2042955
 2042955
 2042955
 2042955
 2042955
 2042955
 2042955
 2042955
 2042955
 2042955
 2042955
 2042955
 2042955
 2042955
 2042955
 2042955
 2042955
 2042955
 2042955
 2042955
 2042955
 2042955
 2042955
 2042955
 2042955
 2042955
 2043954
 2043954
 2043954
 2043954
 2043954
 2043954
 2043954
 2043954
 2043954
 2043954
 2043954
 2043954
 2043954
 2043954
 2043954
 2043954
 2043954
 2043954
 2043954
 2043954
 2043954
 2043954
 2043954
 2043954
 2043954
 2043954
 2043954
 2043954
 2043954
 2043954
 2043954
 2043954
 2043954
 2043954
 2043954
 2043954
 2043954
 2043954
 2043954
 2043954
 2044953
 2044953
 2044953
 2044953
 2047000
 2044953
 2044953
 2044953
 2044953
 2044953
 2044953
 2044953
 2044953
 2044953
 2044953
 2044953
 2044953
 2044953
 2044953
 2044953
 2044953
 2044953
 2044953
 2044953
 2044953
 2044953
 2044953
 2044953
 2044953
 2044953
 2044953
 2044953
 2044953
 2044953
 2044953
 2044953
 2044953
 2044953
 2044953
 2043954
 2043954
 2043954
 2043954
 2043954
 2043954
 2043954
 2043954
 2043954
 2043954
 2043954
 2043954
 2043954
 2043954
 2043954
 2043954
 2043954
 2043954
 2043954
 2043954
 2043954
 2043954
 2043954
 2043954
 2043954
 2043954
 2043954
 2043954
 2043954
 2043954
 2043954
 2043954
 2043954
 2043954
 2043954
 2043954
 2043954
 2041908
 2041908
 2040910
 2040910
 2040910
 2040910
 2040910
 2040910
 2040910
 2040910
 2040910
 2040910
 2040910
 2040910
 2040910
 2040910
 2040910
 2040910
 2040910
 2040910
 2040910
 2040910
 2040910
 2040910
 2040910
 2040910
 2040910
 2040910
 2040910
 2038865
 2038865
 2038865
 2038865
 2038865
 2038865
 2038865
 2038865
 2038865
 2038865
 2038865
 2038865
 2034877
 2034877
 2034877
 2034877
 2034877
 2034877
 2034877
 2034877
 2034877
 2034877
 2034877
 2032836
 2032836
 2032836
 2032836
 2032836
 2032836
 2032836
 2032836
 2032836
 2032836
 2032836
 2032836
 2032836
 2032836
 2032836
 2032836
 2032836
 2032836
 2032836
 2030795
 2030795
 2030795
 2030795
 2030795
 2030795
 2030795
 2030795
 2030795
 2026815
 2026815
 2026815
 2026815
 2026815
 2026815
 2026815
 2026815
 2024778
 2024778
 2024778
 2024778
 2024778
 2024778
 2024778
 2024778
 2024778
 2024778
 2024778
 2024778
 2024778
 2024778
 2024778
 2022741
 2022741
 2022741
 2022741
 2022741
 2022741
 2022741
 2022741
 2022741
 2022741
 2022741
 2022741
 2022741
 2022741
 2020704
 2020704
 2015744
 2015744
 2015744
 2015744
 2015744
 2015744
 2015744
 2015744
 2015744
 2015744
 2015744
 2013712
 2013712
 2013712
 2013712
 2013712
 2013712
 2013712
 2013712
 2013712
 2013712
 2013712
 2013712
 2011680
 2011680
 2011680
 2011680
 2011680
 2011680
 2011680
 2011680
 2011680
 2011680
 2011680
 2011680
 2009648
 2009648
 2009648
 2009648
 2002725
 2002725
 2002725
 2002725
 2002725
 2002725
 2002725
 2000700
 2000700
 2000700
 2000700
 2000700
 2000700
 2000700
 2000700
 2000700
 2000700
 1998675
 1998675
 1998675
 1998675
 1998675
 1998675
 1998675
 1998675
 1998675
 1998675
 1996650
 1996650
 1996650
 1996650
 1996650
 1996650
 1996650
 1996650
 1996650
 1996650
 1994625
 1994625
 1986745
 1986745
 1986745
 1986745
 1986745
 1986745
 1986745
 1986745
 1984728
 1984728
 1984728
 1984728
 1984728
 1984728
 1984728
 1984728
 1984728
 1982711
 1982711
 1982711
 1982711
 1982711
 1982711
 1982711
 1982711
 1980694
 1980694
 1980694
 1980694
 1980694
 1980694
 1980694
 1980694
 1980694
 1978677
 1978677
 1978677
 1978677
 1978677
 1969848
 1969848
 1969848
 1967840
 1967840
 1967840
 1967840
 1967840
 1967840
 1967840
 1967840
 1965832
 1965832
 1965832
 1965832
 1965832
 1965832
 1965832
 1965832
 1963824
 1963824
 1963824
 1963824
 1963824
 1963824
 1963824
 1963824
 1961816
 1961816
 1961816
 1961816
 1961816
 1961816
 1961816
 1961816
 1959808
 1959808
 1959808
 1959808
 1949072
 1949072
 1949072
 1947075
 1947075
 1947075
 1947075
 1947075
 1947075
 1947075
 1945078
 1945078
 1945078
 1945078
 1945078
 1945078
 1945078
 1943081
 1943081
 1943081
 1943081
 1943081
 1943081
 1943081
 1941084
 1941084
 1941084
 1941084
 1941084
 1941084
 1941084
 1939087
 1939087
 1939087
 1939087
 1939087
 1939087
 1939087
 1937090
 1926420
 1926420
 1926420
 1926420
 1926420
 1924434
 1924434
 1924434
 1924434
 1924434
 1924434
 1924434
 1922448
 1922448
 1922448
 1922448
 1922448
 1922448
 1920462
 1920462
 1920462
 1920462
 1920462
 1920462
 1920462
 1918476
 1918476
 1918476
 1918476
 1918476
 1918476
 1916490
 1916490
 1916490
 1916490
 1916490
 1916490
 1914504
 1914504
 1901972
 1901972
 1901972
 1901972
 1899999
 1899999
 1899999
 1899999
 1899999
 1899999
 1898026
 1898026
 1898026
 1898026
 1898026
 1898026
 1896053
 1896053
 1896053
 1896053
 1896053
 1894080
 1894080
 1894080
 1894080
 1894080
 1894080
 1892107
 1892107
 1892107
 1892107
 1892107
 1892107
 1890134
 1890134
 1890134
 1890134
 1890134
 1888161
 1874763
 1874763
 1874763
 1874763
 1874763
 1872804
 1872804
 1872804
 1872804
 1872804
 1870845
 1870845
 1870845
 1870845
 1870845
 1870845
 1868886
 1868886
 1868886
 1868886
 1868886
 1866927
 1866927
 1866927
 1866927
 1866927
 1864968
 1864968
 1864968
 1864968
 1864968
 1864968
 1863009
 1863009
 1863009
 1863009
 1863009
 1861050
 1861050
 1846800
 1846800
 1846800
 1844856
 1844856
 1844856
 1844856
 1844856
 1842912
 1842912
 1842912
 1842912
 1842912
 1840968
 1840968
 1840968
 1840968
 1840968
 1839024
 1839024
 1839024
 1839024
 1839024
 1837080
 1837080
 1837080
 1837080
 1837080
 1835136
 1835136
 1835136
 1835136
 1835136
 1833192
 1833192
 1833192
 1833192
 1831248
 1831248
 1815234
 1815234
 1815234
 1813307
 1813307
 1813307
 1813307
 1813307
 1811380
 1811380
 1811380
 1811380
 1811380
 1809453
 1809453
 1809453
 1809453
 1807526
 1807526
 1807526
 1807526
 1807526
 1805599
 1805599
 1805599
 1805599
 1803672
 1803672
 1803672
 1803672
 1803672
 1801745
 1801745
 1801745
 1801745
 1799818
 1799818
 1799818
 1799818
 1783940
 1782030
 1782030
 1782030
 1782030
 1780120
 1780120
 1780120
 1780120
 1780120
 1778210
 1778210
 1778210
 1778210
 1776300
 1776300
 1776300
 1776300
 1776300
 1774390
 1774390
 1774390
 1774390
 1772480
 1772480
 1772480
 1772480
 1770570
 1770570
 1770570
 1770570
 1768660
 1768660
 1768660
 1768660
 1768660
 1766750
 1766750
 1766750
 1766750
 1747284
 1747284
 1747284
 1747284
 1745393
 1745393
 1745393
 1745393
 1743502
 1743502
 1743502
 1743502
 1741611
 1741611
 1741611
 1741611
 1739720
 1739720
 1739720
 1739720
 1737829
 1737829
 1737829
 1737829
 1735938
 1735938
 1735938
 1735938
 1735938
 1734047
 1734047
 1734047
 1734047
 1732156
 1732156
 1732156
 1730265
 1730265
 1730265
 1711965
 1710094
 1710094
 1710094
 1710094
 1708223
 1708223
 1708223
 1708223
 1706352
 1706352
 1706352
 1706352
 1704481
 1704481
 1704481
 1704481
 1702610
 1702610
 1702610
 1702610
 1700739
 1700739
 1700739
 1700739
 1698868
 1698868
 1698868
 1698868
 1696997
 1696997
 1696997
 1695126
 1695126
 1695126
 1695126
 1693255
 1693255
 1693255
 1674250
 1672400
 1672400
 1672400
 1672400
 1670550
 1670550
 1670550
 1668700
 1668700
 1668700
 1668700
 1666850
 1666850
 1666850
 1666850
 1665000
 1665000
 1665000
 1663150
 1663150
 1663150
 1663150
 1661300
 1661300
 1661300
 1661300
 1659450
 1659450
 1659450
 1657600
 1657600
 1657600
 1657600
 1655750
 1655750
 1655750
 1653900
 1653900
 1634232
 1634232
 1632404
 1632404
 1632404
 1630576
 1630576
 1630576
 1630576
 1628748
 1628748
 1628748
 1628748
 1626920
 1626920
 1626920
 1625092
 1625092
 1625092
 1625092
 1623264
 1623264
 1623264
 1621436
 1621436
 1621436
 1619608
 1619608
 1619608
 1619608
 1617780
 1617780
 1617780
 1615952
 1615952
 1615952
 1615952
 1614124
 1614124
 1593815
 1592010
 1592010
 1592010
 1590205
 1590205
 1590205
 1590205
 1588400
 1588400
 1588400
 1586595
 1586595
 1586595
 1586595
 1584790
 1584790
 1584790
 1582985
 1582985
 1582985
 1581180
 1581180
 1581180
 1581180
 1579375
 1579375
 1579375
 1577570
 1577570
 1577570
 1575765
 1575765
 1575765
 1573960
 1573960
 1573960
 1573960
 1572155
 1551251
 1551251
 1549470
 1549470
 1549470
 1547689
 1547689
 1547689
 1545908
 1545908
 1545908
 1545908
 1544127
 1544127
 1544127
 1542346
 1542346
 1542346
 1540565
 1540565
 1540565
 1538784
 1538784
 1538784
 1537003
 1537003
 1537003
 1535222
 1535222
 1535222
 1535222
 1533441
 1533441
 1533441
 1531660
 1531660
 1531660
 1529879
 1529879
 1508404
 1506648
 1506648
 1506648
 1504892
 1504892
 1504892
 1503136
 1503136
 1503136
 1501380
 1501380
 1501380
 1499624
 1499624
 1499624
 1497868
 1497868
 1497868
 1496112
 1496112
 1496112
 1494356
 1494356
 1494356
 1492600
 1492600
 1492600
 1492600
 1490844
 1490844
 1490844
 1489088
 1489088
 1489088
 1487332
 1487332
 1487332
 1485576
 1462734
 1462734
 1461005
 1461005
 1461005
 1459276
 1459276
 1457547
 1457547
 1457547
 1455818
 1455818
 1455818
 1454089
 1454089
 1454089
 1452360
 1452360
 1452360
 1450631
 1450631
 1450631
 1448902
 1448902
 1448902
 1447173
 1447173
 1447173
 1445444
 1445444
 1445444
 1443715
 1443715
 1443715
 1441986
 1441986
 1441986
 1440257
 1440257
 1417766
 1416064
 1416064
 1414362
 1414362
 1414362
 1412660
 1412660
 1412660
 1410958
 1410958
 1410958
 1409256
 1409256
 1409256
 1407554
 1407554
 1407554
 1405852
 1405852
 1405852
 1404150
 1404150
 1402448
 1402448
 1402448
 1400746
 1400746
 1400746
 1399044
 1399044
 1399044
 1397342
 1397342
 1397342
 1395640
 1395640
 1393938
 1393938
 1371006
 1369332
 1369332
 1369332
 1367658
 1367658
 1367658
 1365984
 1365984
 1364310
 1364310
 1364310
 1362636
 1362636
 1362636
 1360962
 1360962
 1360962
 1359288
 1359288
 1357614
 1357614
 1357614
 1355940
 1355940
 1355940
 1354266
 1354266
 1354266
 1352592
 1352592
 1350918
 1350918
 1350918
 1349244
 1349244
 1349244
 1347570
 1347570
 1321776
 1321776
 1321776
 1320132
 1320132
 1320132
 1318488
 1318488
 1316844
 1316844
 1316844
 1315200
 1315200
 1315200
 1313556
 1313556
 1311912
 1311912
 1311912
 1310268
 1310268
 1310268
 1308624
 1308624
 1306980
 1306980
 1306980
 1305336
 1305336
 1303692
 1303692
 1303692
 1302048
 1302048
 1302048
 1300404
 1300404
 1298760
 1298760
 1275060
 1273446
 1273446
 1271832
 1271832
 1271832
 1270218
 1270218
 1270218
 1268604
 1268604
 1266990
 1266990
 1266990
 1265376
 1265376
 1263762
 1263762
 1263762
 1262148
 1262148
 1260534
 1260534
 1260534
 1258920
 1258920
 1258920
 1257306
 1257306
 1255692
 1255692
 1255692
 1254078
 1254078
 1252464
 1252464
 1252464
 1250850
 1250850
 1224468
 1224468
 1224468
 1222886
 1222886
 1221304
 1221304
 1221304
 1219722
 1219722
 1218140
 1218140
 1218140
 1216558
 1216558
 1214976
 1214976
 1214976
 1213394
 1213394
 1211812
 1211812
 1211812
 1210230
 1210230
 1208648
 1208648
 1208648
 1207066
 1207066
 1205484
 1205484
 1205484
 1203902
 1203902
 1202320
 1202320
 1200738
 1200738
 1176450
 1174900
 1174900
 1173350
 1173350
 1173350
 1171800
 1171800
 1170250
 1170250
 1170250
 1168700
 1168700
 1167150
 1167150
 1167150
 1165600
 1165600
 1164050
 1164050
 1162500
 1162500
 1162500
 1160950
 1160950
 1159400
 1159400
 1159400
 1157850
 1157850
 1156300
 1156300
 1154750
 1154750
 1154750
 1153200
 1153200
 1151650
 1151650
 1127131
 1125614
 1125614
 1124097
 1124097
 1122580
 1122580
 1122580
 1121063
 1121063
 1119546
 1119546
 1118029
 1118029
 1118029
 1116512
 1116512
 1114995
 1114995
 1113478
 1113478
 1113478
 1111961
 1111961
 1110444
 1110444
 1108927
 1108927
 1108927
 1107410
 1107410
 1105893
 1105893
 1104376
 1104376
 1104376
 1102859
 1102859
 1101342
 1076658
 1075175
 1075175
 1075175
 1073692
 1073692
 1072209
 1072209
 1070726
 1070726
 1070726
 1069243
 1069243
 1067760
 1067760
 1066277
 1066277
 1066277
 1064794
 1064794
 1063311
 1063311
 1061828
 1061828
 1060345
 1060345
 1060345
 1058862
 1058862
 1057379
 1057379
 1055896
 1055896
 1054413
 1054413
 1054413
 1052930
 1052930
 1051447
 1051447
 1024476
 1024476
 1023029
 1023029
 1023029
 1021582
 1021582
 1020135
 1020135
 1018688
 1018688
 1017241
 1017241
 1017241
 1015794
 1015794
 1014347
 1014347
 1012900
 1012900
 1011453
 1011453
 1011453
 1010006
 1010006
 1008559
 1008559
 1007112
 1007112
 1005665
 1005665
 1005665
 1004218
 1004218
 1002771
 1002771
 1001324
 1001324
  999877
  975001
  973590
  973590
  973590
  972179
  972179
  970768
  970768
  969357
  969357
  967946
  967946
  966535
  966535
  966535
  965124
  965124
  963713
  963713
  962302
  962302
  960891
  960891
  959480
  959480
  958069
  958069
  958069
  956658
  956658
  955247
  955247
  953836
  953836
  952425
  952425
  951014
  951014
  949603
  925375
  925375
  924000
  924000
  922625
  922625
  921250
  921250
  919875
  919875
  918500
  918500
  917125
  917125
  915750
  915750
  915750
  914375
  914375
  913000
  913000
  911625
  911625
  910250
  910250
  908875
  908875
  907500
  907500
  906125
  906125
  904750
  904750
  904750
  903375
  903375
  902000
  902000
  900625
  875735
  874398
  874398
  873061
  873061
  871724
  871724
  870387
  870387
  869050
  869050
  867713
  867713
  866376
  866376
  866376
  865039
  865039
  863702
  863702
  862365
  862365
  861028
  861028
  859691
  859691
  858354
  858354
  857017
  857017
  855680
  855680
  854343
  854343
  853006
  853006
  851669
  851669
  850332
  826164
  824865
  824865
  824865
  823566
  823566
  822267
  822267
  820968
  820968
  819669
  819669
  818370
  818370
  817071
  817071
  815772
  815772
  814473
  814473
  813174
  813174
  811875
  811875
  810576
  810576
  809277
  809277
  807978
  807978
  806679
  806679
  805380
  805380
  804081
  804081
  802782
  802782
  801483
  776803
  775544
  775544
  774285
  774285
  773026
  773026
  771767
  771767
  770508
  770508
  769249
  769249
  767990
  767990
  766731
  766731
  765472
  765472
  764213
  764213
  762954
  762954
  761695
  761695
  760436
  760436
  759177
  759177
  757918
  757918
  756659
  756659
  755400
  755400
  754141
  754141
  752882
  752882
  727743
  727743
  726524
  726524
  725305
  725305
  724086
  724086
  722867
  722867
  721648
  721648
  720429
  720429
  719210
  719210
  717991
  717991
  716772
  716772
  715553
  715553
  714334
  714334
  713115
  713115
  711896
  711896
  710677
  710677
  709458
  709458
  708239
  708239
  707020
  707020
  705801
  705801
  704582
  681462
  680283
  680283
  679104
  679104
  677925
  677925
  676746
  675567
  675567
  674388
  674388
  673209
  673209
  672030
  672030
  670851
  670851
  669672
  669672
  668493
  668493
  667314
  667314
  666135
  666135
  664956
  664956
  663777
  663777
  662598
  662598
  661419
  661419
  660240
  660240
  659061
  657882
  657882
  633309
  633309
  632172
  632172
  631035
  631035
  629898
  629898
  628761
  628761
  627624
  627624
  626487
  626487
  625350
  625350
  624213
  624213
  623076
  621939
  621939
  620802
  620802
  619665
  619665
  618528
  618528
  617391
  617391
  616254
  616254
  615117
  615117
  613980
  613980
  612843
  612843
  611706
  610569
  588015
  586920
  586920
  585825
  585825
  584730
  584730
  583635
  583635
  582540
  582540
  581445
  581445
  580350
  579255
  579255
  578160
  578160
  577065
  577065
  575970
  575970
  574875
  574875
  573780
  573780
  572685
  572685
  571590
  570495
  570495
  569400
  569400
  568305
  568305
  567210
  567210
  566115
  566115
  542832
  542832
  541780
  540728
  540728
  539676
  539676
  538624
  538624
  537572
  537572
  536520
  536520
  535468
  535468
  534416
  533364
  533364
  532312
  532312
  531260
  531260
  530208
  530208
  529156
  529156
  528104
  527052
  527052
  526000
  526000
  524948
  524948
  523896
  523896
  522844
  522844
  521792
  521792
  499455
  498446
  498446
  497437
  497437
  496428
  496428
  495419
  495419
  494410
  493401
  493401
  492392
  492392
  491383
  491383
  490374
  490374
  489365
  489365
  488356
  487347
  487347
  486338
  486338
  485329
  485329
  484320
  484320
  483311
  482302
  482302
  481293
  481293
  480284
  480284
  479275
  479275
  478266
  457410
  456445
  455480
  455480
  454515
  454515
  453550
  453550
  452585
  452585
  451620
  450655
  450655
  449690
  449690
  448725
  448725
  447760
  447760
  446795
  445830
  445830
  444865
  444865
  443900
  443900
  442935
  442935
  441970
  441005
  441005
  440040
  440040
  439075
  439075
  438110
  437145
  437145
  436180
  415840
  414920
  414920
  414000
  414000
  413080
  412160
  412160
  411240
  411240
  410320
  410320
  409400
  409400
  408480
  407560
  407560
  406640
  406640
  405720
  405720
  404800
  403880
  403880
  402960
  402960
  402040
  402040
  401120
  400200
  400200
  399280
  399280
  398360
  398360
  397440
  397440
  396520
  395600
  376250
  375375
  375375
  374500
  374500
  373625
  372750
  372750
  371875
  371875
  371000
  371000
  370125
  369250
  369250
  368375
  368375
  367500
  367500
  366625
  365750
  365750
  364875
  364875
  364000
  364000
  363125
  362250
  362250
  361375
  361375
  360500
  360500
  359625
  358750
  358750
  357875
  357875
  357000
  338640
  337810
  336980
  336980
  336150
  336150
  335320
  335320
  334490
  333660
  333660
  332830
  332830
  332000
  332000
  331170
  330340
  330340
  329510
  329510
  328680
  327850
  327850
  327020
  327020
  326190
  326190
  325360
  324530
  324530
  323700
  323700
  322870
  322870
  322040
  321210
  321210
  320380
  320380
  319550
  301455
  300672
  299889
  299889
  299106
  299106
  298323
  297540
  297540
  296757
  296757
  295974
  295974
  295191
  294408
  294408
  293625
  293625
  292842
  292059
  292059
  291276
  291276
  290493
  290493
  289710
  288927
  288927
  288144
  288144
  287361
  286578
  286578
  285795
  285795
  285012
  285012
  284229
  283446
  266794
  266057
  266057
  265320
  264583
  264583
  263846
  263846
  263109
  262372
  262372
  261635
  261635
  260898
  260898
  260161
  259424
  259424
  258687
  258687
  257950
  257213
  257213
  256476
  256476
  255739
  255739
  255002
  254265
  254265
  253528
  253528
  252791
  252054
  252054
  251317
  251317
  250580
  249843
  233910
  233220
  233220
  232530
  231840
  231840
  231150
  231150
  230460
  230460
  229770
  229080
  229080
  228390
  228390
  227700
  227010
  227010
  226320
  226320
  225630
  224940
  224940
  224250
  224250
  223560
  222870
  222870
  222180
  222180
  221490
  220800
  220800
  220110
  220110
  219420
  218730
  218730
  218040
  202872
  202230
  201588
  201588
  200946
  200946
  200304
  200304
  199662
  199020
  199020
  198378
  198378
  197736
  197094
  197094
  196452
  196452
  195810
  195168
  195168
  194526
  194526
  193884
  193242
  193242
  192600
  192600
  191958
  191316
  191316
  190674
  190674
  190032
  189390
  189390
  188748
  188748
  188106
  173448
  173448
  172854
  172854
  172260
  171666
  171666
  171072
  171072
  170478
  169884
  169884
  169290
  169290
  168696
  168102
  168102
  167508
  167508
  166914
  166320
  166320
  165726
  165132
  165132
  164538
  164538
  163944
  163350
  163350
  162756
  162756
  162162
  161568
  161568
  160974
  160974
  160380
  159786
  146874
  146328
  146328
  145782
  145236
  145236
  144690
  144690
  144144
  143598
  143598
  143052
  143052
  142506
  141960
  141960
  141414
  141414
  140868
  140322
  140322
  139776
  139230
  139230
  138684
  138684
  138138
  137592
  137592
  137046
  137046
  136500
  135954
  135954
  135408
  135408
  134862
  134316
  134316
  121765
  121765
  121268
  120771
  120771
  120274
  119777
  119777
  119280
  119280
  118783
  118286
  118286
  117789
  117789
  117292
  116795
  116795
  116298
  116298
  115801
  115304
  115304
  114807
  114807
  114310
  113813
  113813
  113316
  112819
  112819
  112322
  112322
  111825
  111328
  111328
  110831
  110831
  110334
   99229
   99229
   98780
   98331
   98331
   97882
   97882
   97433
   96984
   96984
   96535
   96535
   96086
   95637
   95637
   95188
   95188
   94739
   94290
   94290
   93841
   93392
   93392
   92943
   92943
   92494
   92045
   92045
   91596
   91596
   91147
   90698
   90698
   90249
   89800
   89800
   89351
   89351
   88902
   78603
   78603
   78204
   78204
   77805
   77406
   77406
   77007
   76608
   76608
   76209
   76209
   75810
   75411
   75411
   75012
   74613
   74613
   74214
   74214
   73815
   73416
   73416
   73017
   73017
   72618
   72219
   72219
   71820
   71421
   71421
   71022
   71022
   70623
   70224
   70224
   69825
   69825
   69426
   60550
   60550
   60200
   59850
   59850
   59500
   59500
   59150
   58800
   58800
   58450
   58100
   58100
   57750
   57750
   57400
   57050
   57050
   56700
   56700
   56350
   56000
   56000
   55650
   55300
   55300
   54950
   54950
   54600
   54250
   54250
   53900
   53550
   53550
   53200
   53200
   52850
   52500
   52500
   44700
   44400
   44400
   44100
   44100
   43800
   43500
   43500
   43200
   43200
   42900
   42600
   42600
   42300
   42000
   42000
   41700
   41700
   41400
   41100
   41100
   40800
   40500
   40500
   40200
   40200
   39900
   39600
   39600
   39300
   39000
   39000
   38700
   38700
   38400
   38100
   38100
   37800
   37500
   31375
   31124
   31124
   30873
   30622
   30622
   30371
   30120
   30120
   29869
   29869
   29618
   29367
   29367
   29116
   28865
   28865
   28614
   28614
   28363
   28112
   28112
   27861
   27610
   27610
   27359
   27359
   27108
   26857
   26857
   26606
   26355
   26355
   26104
   26104
   25853
   25602
   25602
   25351
   20100
   20100
   19899
   19899
   19698
   19497
   19497
   19296
   19095
   19095
   18894
   18894
   18693
   18492
   18492
   18291
   18090
   18090
   17889
   17889
   17688
   17487
   17487
   17286
   17085
   17085
   16884
   16884
   16683
   16482
   16482
   16281
   16080
   16080
   15879
   15879
   15678
   15477
   15477
   11476
   11325
   11325
   11174
   11174
   11023
   10872
   10872
   10721
   10570
   10570
   10419
   10419
   10268
   10117
   10117
    9966
    9815
    9815
    9664
    9664
    9513
    9362
    9362
    9211
    9060
    9060
    8909
    8909
    8758
    8607
    8607
    8456
    8305
    8305
    8154
    8154
    8003
    7852
    5200
    5100
    5000
    5000
    4900
    4800
    4800
    4700
    4700
    4600
    4500
    4500
    4400
    4300
    4300
    4200
    4200
    4100
    4000
    4000
    3900
    3800
    3800
    3700
    3700
    3600
    3500
    3500
    3400
    3300
    3300
    3200
    3200
    3100
    3000
    3000
    2900
    2800
    2800
    1350
    1350
    1300
    1250
    1250
    1200
    1150
    1150
    1100
    1050
    1050
    1000
    1000
     950
     900
     900
     850
     800
     800
     750
     750
     700
     650
     650
     600
     550
     550
     500
     500
     450
     400
     400
     350
     300
     300
     250
     250
     200
     150
     150
       0
       0
       0
       0
       0
       0
       0
       0
       0
       0
       0
       0
       0
       0
       0
       0
       0
       0
       0
       0
       0
       0
       0
       0
       0
       0
       0
       0
       0
       0
       0
       0
       0
       0
       0
       0
       0
       0
       0
    1050
    1100
    1150
    1150
    1200
    1250
    1250
    1300
    1350
    1350
    1400
    1400
    1450
    1500
    1500
    1550
    1600
    1600
    1650
    1650
    1700
    1750
    1750
    1800
    1850
    1850
    1900
    1900
    1950
    2000
    2000
    2050
    2100
    2100
    2150
    2150
    2200
    2250
    2250
    4600
    4700
    4700
    4800
    4800
    4900
    5000
    5000
    5100
    5200
    5200
    5300
    5400
    5400
    5500
    5500
    5600
    5700
    5700
    5800
    5900
    5900
    6000
    6000
    6100
    6200
    6200
    6300
    6400
    6400
    6500
    6500
    6600
    6700
    6700
    6800
    6900
    6900
    7000
   10570
   10721
   10872
   10872
   11023
   11174
   11174
   11325
   11325
   11476
   11627
   11627
   11778
   11929
   11929
   12080
   12080
   12231
   12382
   12382
   12533
   12684
   12684
   12835
   12835
   12986
   13137
   13137
   13288
   13439
   13439
   13590
   13590
   13741
   13892
   13892
   14043
   14194
   14194
   19095
   19095
   19296
   19497
   19497
   19698
   19899
   19899
   20100
   20100
   20301
   20502
   20502
   20703
   20904
   20904
   21105
   21105
   21306
   21507
   21507
   21708
   21909
   21909
   22110
   22110
   22311
   22512
   22512
   22713
   22914
   22914
   23115
   23115
   23316
   23517
   23517
   23718
   23919
   29869
   30120
   30120
   30371
   30622
   30622
   30873
   31124
   31124
   31375
   31375
   31626
   31877
   31877
   32128
   32379
   32379
   32630
   32630
   32881
   33132
   33132
   33383
   33634
   33634
   33885
   33885
   34136
   34387
   34387
   34638
   34889
   34889
   35140
   35140
   35391
   35642
   35642
   35893
   43200
   43200
   43500
   43500
   43800
   44100
   44100
   44400
   44400
   44700
   45000
   45000
   45300
   45600
   45600
   45900
   45900
   46200
   46500
   46500
   46800
   47100
   47100
   47400
   47400
   47700
   48000
   48000
   48300
   48600
   48600
   48900
   48900
   49200
   49500
   49500
   49800
   49800
   50100
   58800
   58800
   59150
   59500
   59500
   59850
   59850
   60200
   60550
   60550
   60900
   61250
   61250
   61600
   61600
   61950
   62300
   62300
   62650
   62650
   63000
   63350
   63350
   63700
   64050
   64050
   64400
   64400
   64750
   65100
   65100
   65450
   65450
   65800
   66150
   66150
   66500
   66850
   66850
   76608
   76608
   77007
   77406
   77406
   77805
   78204
   78204
   78603
   78603
   79002
   79401
   79401
   79800
   79800
   80199
   80598
   80598
   80997
   81396
   81396
   81795
   81795
   82194
   82593
   82593
   82992
   82992
   83391
   83790
   83790
   84189
   84588
   84588
   84987
   84987
   85386
   85785
   85785
   96984
   96984
   97433
   97882
   97882
   98331
   98331
   98780
   99229
   99229
   99678
  100127
  100127
  100576
  100576
  101025
  101474
  101474
  101923
  101923
  102372
  102821
  102821
  103270
  103719
  103719
  104168
  104168
  104617
  105066
  105066
  105515
  105515
  105964
  106413
  106413
  106862
  106862
  107311
  119280
  119280
  119777
  119777
  120274
  120771
  120771
  121268
  121765
  121765
  122262
  122262
  122759
  123256
  123256
  123753
  123753
  124250
  124747
  124747
  125244
  125244
  125741
  126238
  126238
  126735
  126735
  127232
  127729
  127729
  128226
  128723
  128723
  129220
  129220
  129717
  130214
  130214
  130711
  143598
  144144
  144690
  144690
  145236
  145236
  145782
  146328
  146328
  146874
  146874
  147420
  147966
  147966
  148512
  148512
  149058
  149604
  149604
  150150
  150150
  150696
  151242
  151242
  151788
  151788
  152334
  152880
  152880
  153426
  153972
  153972
  154518
  154518
  155064
  155610
  155610
  156156
  156156
  170478
  171072
  171072
  171666
  171666
  172260
  172854
  172854
  173448
  173448
  174042
  174636
  174636
  175230
  175230
  175824
  176418
  176418
  177012
  177012
  177606
  178200
  178200
  178794
  178794
  179388
  179982
  179982
  180576
  180576
  181170
  181764
  181764
  182358
  182358
  182952
  183546
  183546
  184140
  199020
  199662
  200304
  200304
  200946
  200946
  201588
  201588
  202230
  202872
  202872
  203514
  203514
  204156
  204798
  204798
  205440
  205440
  206082
  206724
  206724
  207366
  207366
  208008
  208650
  208650
  209292
  209292
  209934
  210576
  210576
  211218
  211218
  211860
  212502
  212502
  213144
  213144
  213786
  230460
  230460
  231150
  231150
  231840
  231840
  232530
  233220
  233220
  233910
  233910
  234600
  235290
  235290
  235980
  235980
  236670
  237360
  237360
  238050
  238050
  238740
  239430
  239430
  240120
  240120
  240810
  240810
  241500
  242190
  242190
  242880
  242880
  243570
  244260
  244260
  244950
  244950
  245640
  262372
  263109
  263846
  263846
  264583
  264583
  265320
  266057
  266057
  266794
  266794
  267531
  268268
  268268
  269005
  269005
  269742
  269742
  270479
  271216
  271216
  271953
  271953
  272690
  273427
  273427
  274164
  274164
  274901
  274901
  275638
  276375
  276375
  277112
  277112
  277849
  278586
  278586
  279323
  279323
  297540
  297540
  298323
  299106
  299106
  299889
  299889
  300672
  301455
  301455
  302238
  302238
  303021
  303021
  303804
  304587
  304587
  305370
  305370
  306153
  306153
  306936
  307719
  307719
  308502
  308502
  309285
  309285
  310068
  310851
  310851
  311634
  311634
  312417
  313200
  313200
  313983
  313983
  314766
  333660
  334490
  335320
  335320
  336150
  336150
  336980
  336980
  337810
  338640
  338640
  339470
  339470
  340300
  340300
  341130
  341960
  341960
  342790
  342790
  343620
  343620
  344450
  345280
  345280
  346110
  346110
  346940
  346940
  347770
  348600
  348600
  349430
  349430
  350260
  350260
  351090
  351920
  351920
  371875
  371875
  372750
  372750
  373625
  374500
  374500
  375375
  375375
  376250
  376250
  377125
  378000
  378000
  378875
  378875
  379750
  379750
  380625
  380625
  381500
  382375
  382375
  383250
  383250
  384125
  384125
  385000
  385875
  385875
  386750
  386750
  387625
  387625
  388500
  389375
  389375
  390250
  390250
  411240
  411240
  412160
  412160
  413080
  414000
  414000
  414920
  414920
  415840
  415840
  416760
  416760
  417680
  418600
  418600
  419520
  419520
  420440
  420440
  421360
  422280
  422280
  423200
  423200
  424120
  424120
  425040
  425040
  425960
  426880
  426880
  427800
  427800
  428720
  428720
  429640
  429640
  430560
  452585
  452585
  453550
  453550
  454515
  454515
  455480
  455480
  456445
  457410
  457410
  458375
  458375
  459340
  459340
  460305
  460305
  461270
  461270
  462235
  463200
  463200
  464165
  464165
  465130
  465130
  466095
  466095
  467060
  468025
  468025
  468990
  468990
  469955
  469955
  470920
  470920
  471885
  471885
  494410
  495419
  495419
  496428
  496428
  497437
  497437
  498446
  498446
  499455
  500464
  500464
  501473
  501473
  502482
  502482
  503491
  503491
  504500
  504500
  505509
  505509
  506518
  507527
  507527
  508536
  508536
  509545
  509545
  510554
  510554
  511563
  511563
  512572
  513581
  513581
  514590
  514590
  515599
  537572
  538624
  538624
  539676
  539676
  540728
  540728
  541780
  542832
  542832
  543884
  543884
  544936
  544936
  545988
  545988
  547040
  547040
  548092
  548092
  549144
  550196
  550196
  551248
  551248
  552300
  552300
  553352
  553352
  554404
  554404
  555456
  555456
  556508
  556508
  557560
  558612
  558612
  559664
  582540
  583635
  583635
  584730
  584730
  585825
  585825
  586920
  586920
  588015
  588015
  589110
  590205
  590205
  591300
  591300
  592395
  592395
  593490
  593490
  594585
  594585
  595680
  595680
  596775
  596775
  597870
  597870
  598965
  598965
  600060
  601155
  601155
  602250
  602250
  603345
  603345
  604440
  604440
  628761
  628761
  629898
  629898
  631035
  631035
  632172
  632172
  633309
  633309
  634446
  634446
  635583
  636720
  636720
  637857
  637857
  638994
  638994
  640131
  640131
  641268
  641268
  642405
  642405
  643542
  643542
  644679
  644679
  645816
  645816
  646953
  646953
  648090
  648090
  649227
  649227
  650364
  650364
  675567
  675567
  676746
  677925
  677925
  679104
  679104
  680283
  680283
  681462
  681462
  682641
  682641
  683820
  683820
  684999
  684999
  686178
  686178
  687357
  687357
  688536
  688536
  689715
  689715
  690894
  690894
  692073
  692073
  693252
  693252
  694431
  694431
  695610
  695610
  696789
  696789
  697968
  697968
  722867
  722867
  724086
  724086
  725305
  725305
  726524
  726524
  727743
  727743
  728962
  728962
  730181
  730181
  731400
  731400
  732619
  732619
  733838
  733838
  735057
  735057
  736276
  736276
  737495
  737495
  738714
  738714
  739933
  739933
  741152
  741152
  742371
  742371
  743590
  743590
  744809
  744809
  746028
  770508
  771767
  771767
  773026
  773026
  774285
  774285
  775544
  775544
  776803
  776803
  778062
  778062
  779321
  779321
  780580
  780580
  781839
  781839
  783098
  783098
  784357
  784357
  785616
  785616
  786875
  786875
  788134
  788134
  789393
  789393
  790652
  790652
  791911
  791911
  793170
  793170
  794429
  794429
  820968
  820968
  822267
  822267
  823566
  823566
  824865
  824865
  824865
  826164
  826164
  827463
  827463
  828762
  828762
  830061
  830061
  831360
  831360
  832659
  832659
  833958
  833958
  835257
  835257
  836556
  836556
  837855
  837855
  839154
  839154
  840453
  840453
  841752
  841752
  841752
  843051
  843051
  844350
  869050
  870387
  870387
  871724
  871724
  873061
  873061
  874398
  874398
  875735
  875735
  877072
  877072
  878409
  878409
  879746
  879746
  879746
  881083
  881083
  882420
  882420
  883757
  883757
  885094
  885094
  886431
  886431
  887768
  887768
  889105
  889105
  890442
  890442
  890442
  891779
  891779
  893116
  893116
  919875
  919875
  921250
  921250
  922625
  922625
  924000
  924000
  925375
  925375
  925375
  926750
  926750
  928125
  928125
  929500
  929500
  930875
  930875
  932250
  932250
  933625
  933625
  933625
  935000
  935000
  936375
  936375
  937750
  937750
  939125
  939125
  940500
  940500
  941875
  941875
  941875
  943250
  943250
  969357
  969357
  970768
  970768
  972179
  972179
  973590
  973590
  973590
  975001
  975001
  976412
  976412
  977823
  977823
  979234
  979234
  980645
  980645
  980645
  982056
  982056
  983467
  983467
  984878
  984878
  986289
  986289
  986289
  987700
  987700
  989111
  989111
  990522
  990522
  991933
  991933
  991933
  993344
  993344
 1020135
 1020135
 1021582
 1021582
 1023029
 1023029
 1023029
 1024476
 1024476
 1025923
 1025923
 1027370
 1027370
 1028817
 1028817
 1028817
 1030264
 1030264
 1031711
 1031711
 1033158
 1033158
 1034605
 1034605
 1034605
 1036052
 1036052
 1037499
 1037499
 1038946
 1038946
 1040393
 1040393
 1040393
 1041840
 1041840
 1043287
 1043287
 1044734
 1070726
 1070726
 1072209
 1072209
 1073692
 1073692
 1075175
 1075175
 1075175
 1076658
 1076658
 1078141
 1078141
 1079624
 1079624
 1079624
 1081107
 1081107
 1082590
 1082590
 1084073
 1084073
 1084073
 1085556
 1085556
 1087039
 1087039
 1088522
 1088522
 1088522
 1090005
 1090005
 1091488
 1091488
 1092971
 1092971
 1092971
 1094454
 1094454
 1121063
 1121063
 1122580
 1122580
 1122580
 1124097
 1124097
 1125614
 1125614
 1127131
 1127131
 1127131
 1128648
 1128648
 1130165
 1130165
 1130165
 1131682
 1131682
 1133199
 1133199
 1134716
 1134716
 1134716
 1136233
 1136233
 1137750
 1137750
 1137750
 1139267
 1139267
 1140784
 1140784
 1142301
 1142301
 1142301
 1143818
 1143818
 1145335
 1170250
 1170250
 1171800
 1171800
 1173350
 1173350
 1173350
 1174900
 1174900
 1176450
 1176450
 1176450
 1178000
 1178000
 1179550
 1179550
 1181100
 1181100
 1181100
 1182650
 1182650
 1184200
 1184200
 1184200
 1185750
 1185750
 1187300
 1187300
 1187300
 1188850
 1188850
 1190400
 1190400
 1190400
 1191950
 1191950
 1193500
 1193500
 1193500
 1219722
 1219722
 1221304
 1221304
 1221304
 1222886
 1222886
 1224468
 1224468
 1224468
 1226050
 1226050
 1227632
 1227632
 1227632
 1229214
 1229214
 1230796
 1230796
 1230796
 1232378
 1232378
 1233960
 1233960
 1233960
 1235542
 1235542
 1235542
 1237124
 1237124
 1238706
 1238706
 1238706
 1240288
 1240288
 1241870
 1241870
 1241870
 1243452
 1268604
 1270218
 1270218
 1270218
 1271832
 1271832
 1271832
 1273446
 1273446
 1275060
 1275060
 1275060
 1276674
 1276674
 1278288
 1278288
 1278288
 1279902
 1279902
 1279902
 1281516
 1281516
 1283130
 1283130
 1283130
 1284744
 1284744
 1286358
 1286358
 1286358
 1287972
 1287972
 1287972
 1289586
 1289586
 1291200
 1291200
 1291200
 1292814
 1316844
 1316844
 1318488
 1318488
 1320132
 1320132
 1320132
 1321776
 1321776
 1321776
 1323420
 1323420
 1325064
 1325064
 1325064
 1326708
 1326708
 1326708
 1328352
 1328352
 1329996
 1329996
 1329996
 1331640
 1331640
 1331640
 1333284
 1333284
 1333284
 1334928
 1334928
 1336572
 1336572
 1336572
 1338216
 1338216
 1338216
 1339860
 1339860
 1364310
 1365984
 1365984
 1367658
 1367658
 1367658
 1369332
 1369332
 1369332
 1371006
 1371006
 1371006
 1372680
 1372680
 1374354
 1374354
 1374354
 1376028
 1376028
 1376028
 1377702
 1377702
 1377702
 1379376
 1379376
 1379376
 1381050
 1381050
 1382724
 1382724
 1382724
 1384398
 1384398
 1384398
 1386072
 1386072
 1386072
 1387746
 1387746
 1410958
 1412660
 1412660
 1412660
 1414362
 1414362
 1414362
 1416064
 1416064
 1417766
 1417766
 1417766
 1419468
 1419468
 1419468
 1421170
 1421170
 1421170
 1422872
 1422872
 1422872
 1424574
 1424574
 1424574
 1426276
 1426276
 1426276
 1427978
 1427978
 1427978
 1429680
 1429680
 1429680
 1431382
 1431382
 1431382
 1433084
 1433084
 1433084
 1457547
 1457547
 1457547
 1459276
 1459276
 1461005
 1461005
 1461005
 1462734
 1462734
 1462734
 1464463
 1464463
 1464463
 1466192
 1466192
 1466192
 1467921
 1467921
 1467921
 1469650
 1469650
 1469650
 1469650
 1471379
 1471379
 1471379
 1473108
 1473108
 1473108
 1474837
 1474837
 1474837
 1476566
 1476566
 1476566
 1478295
 1478295
 1478295
 1503136
 1503136
 1503136
 1504892
 1504892
 1504892
 1506648
 1506648
 1506648
 1508404
 1508404
 1508404
 1510160
 1510160
 1510160
 1511916
 1511916
 1511916
 1513672
 1513672
 1513672
 1513672
 1515428
 1515428
 1515428
 1517184
 1517184
 1517184
 1518940
 1518940
 1518940
 1520696
 1520696
 1520696
 1522452
 1522452
 1522452
 1524208
 1524208
 1545908
 1545908
 1547689
 1547689
 1547689
 1549470
 1549470
 1549470
 1551251
 1551251
 1551251
 1553032
 1553032
 1553032
 1553032
 1554813
 1554813
 1554813
 1556594
 1556594
 1556594
 1558375
 1558375
 1558375
 1560156
 1560156
 1560156
 1560156
 1561937
 1561937
 1561937
 1563718
 1563718
 1563718
 1565499
 1565499
 1565499
 1565499
 1567280
 1588400
 1588400
 1590205
 1590205
 1590205
 1590205
 1592010
 1592010
 1592010
 1593815
 1593815
 1593815
 1595620
 1595620
 1595620
 1595620
 1597425
 1597425
 1597425
 1599230
 1599230
 1599230
 1599230
 1601035
 1601035
 1601035
 1602840
 1602840
 1602840
 1604645
 1604645
 1604645
 1604645
 1606450
 1606450
 1606450
 1608255
 1608255
 1608255
 1628748
 1630576
 1630576
 1630576
 1630576
 1632404
 1632404
 1632404
 1634232
 1634232
 1634232
 1634232
 1636060
 1636060
 1636060
 1637888
 1637888
 1637888
 1637888
 1639716
 1639716
 1639716
 1641544
 1641544
 1641544
 1641544
 1643372
 1643372
 1643372
 1643372
 1645200
 1645200
 1645200
 1647028
 1647028
 1647028
 1647028
 1648856
 1648856
 1668700
 1668700
 1670550
 1670550
 1670550
 1672400
 1672400
 1672400
 1672400
 1674250
 1674250
 1674250
 1674250
 1676100
 1676100
 1676100
 1676100
 1677950
 1677950
 1677950
 1679800
 1679800
 1679800
 1679800
 1681650
 1681650
 1681650
 1681650
 1683500
 1683500
 1683500
 1683500
 1685350
 1685350
 1685350
 1685350
 1687200
 1687200
 1687200
 1706352
 1708223
 1708223
 1708223
 1708223
 1710094
 1710094
 1710094
 1710094
 1711965
 1711965
 1711965
 1711965
 1713836
 1713836
 1713836
 1715707
 1715707
 1715707
 1715707
 1717578
 1717578
 1717578
 1717578
 1717578
 1719449
 1719449
 1719449
 1719449
 1721320
 1721320
 1721320
 1721320
 1723191
 1723191
 1723191
 1723191
 1725062
 1725062
 1725062
 1743502
 1745393
 1745393
 1745393
 1745393
 1747284
 1747284
 1747284
 1747284
 1749175
 1749175
 1749175
 1749175
 1751066
 1751066
 1751066
 1751066
 1751066
 1752957
 1752957
 1752957
 1752957
 1754848
 1754848
 1754848
 1754848
 1756739
 1756739
 1756739
 1756739
 1758630
 1758630
 1758630
 1758630
 1758630
 1760521
 1760521
 1760521
 1760521
 1780120
 1780120
 1780120
 1780120
 1780120
 1782030
 1782030
 1782030
 1782030
 1783940
 1783940
 1783940
 1783940
 1783940
 1785850
 1785850
 1785850
 1785850
 1787760
 1787760
 1787760
 1787760
 1787760
 1789670
 1789670
 1789670
 1789670
 1791580
 1791580
 1791580
 1791580
 1791580
 1793490
 1793490
 1793490
 1793490
 1795400
 1795400
 1795400
 1811380
 1811380
 1813307
 1813307
 1813307
 1813307
 1813307
 1815234
 1815234
 1815234
 1815234
 1815234
 1817161
 1817161
 1817161
 1817161
 1819088
 1819088
 1819088
 1819088
 1819088
 1821015
 1821015
 1821015
 1821015
 1821015
 1822942
 1822942
 1822942
 1822942
 1822942
 1824869
 1824869
 1824869
 1824869
 1824869
 1826796
 1826796
 1826796
 1842912
 1842912
 1844856
 1844856
 1844856
 1844856
 1844856
 1846800
 1846800
 1846800
 1846800
 1846800
 1848744
 1848744
 1848744
 1848744
 1848744
 1850688
 1850688
 1850688
 1850688
 1850688
 1850688
 1852632
 1852632
 1852632
 1852632
 1852632
 1854576
 1854576
 1854576
 1854576
 1854576
 1856520
 1856520
 1856520
 1856520
 1856520
 1856520
 1872804
 1872804
 1872804
 1872804
 1872804
 1874763
 1874763
 1874763
 1874763
 1874763
 1874763
 1876722
 1876722
 1876722
 1876722
 1876722
 1878681
 1878681
 1878681
 1878681
 1878681
 1878681
 1880640
 1880640
 1880640
 1880640
 1880640
 1880640
 1882599
 1882599
 1882599
 1882599
 1882599
 1884558
 1884558
 1884558
 1884558
 1884558
 1884558
 1899999
 1899999
 1899999
 1899999
 1899999
 1899999
 1901972
 1901972
 1901972
 1901972
 1901972
 1901972
 1903945
 1903945
 1903945
 1903945
 1903945
 1903945
 1905918
 1905918
 1905918
 1905918
 1905918
 1905918
 1907891
 1907891
 1907891
 1907891
 1907891
 1907891
 1907891
 1909864
 1909864
 1909864
 1909864
 1909864
 1909864
 1911837
 1911837
 1924434
 1924434
 1924434
 1924434
 1924434
 1926420
 1926420
 1926420
 1926420
 1926420
 1926420
 1928406
 1928406
 1928406
 1928406
 1928406
 1928406
 1928406
 1930392
 1930392
 1930392
 1930392
 1930392
 1930392
 1930392
 1932378
 1932378
 1932378
 1932378
 1932378
 1932378
 1932378
 1934364
 1934364
 1934364
 1934364
 1934364
 1934364
 1934364
 1947075
 1947075
 1947075
 1947075
 1947075
 1947075
 1947075
 1949072
 1949072
 1949072
 1949072
 1949072
 1949072
 1949072
 1951069
 1951069
 1951069
 1951069
 1951069
 1951069
 1951069
 1951069
 1953066
 1953066
 1953066
 1953066
 1953066
 1953066
 1953066
 1953066
 1955063
 1955063
 1955063
 1955063
 1955063
 1955063
 1955063
 1955063
 1957060
 1967840
 1967840
 1967840
 1967840
 1967840
 1967840
 1967840
 1969848
 1969848
 1969848
 1969848
 1969848
 1969848
 1969848
 1969848
 1971856
 1971856
 1971856
 1971856
 1971856
 1971856
 1971856
 1971856
 1971856
 1973864
 1973864
 1973864
 1973864
 1973864
 1973864
 1973864
 1973864
 1975872
 1975872
 1975872
 1975872
 1975872
 1975872
 1975872
 1984728
 1984728
 1986745
 1986745
 1986745
 1986745
 1986745
 1986745
 1986745
 1986745
 1986745
 1986745
 1988762
 1988762
 1988762
 1988762
 1988762
 1988762
 1988762
 1988762
 1988762
 1988762
 1990779
 1990779
 1990779
 1990779
 1990779
 1990779
 1990779
 1990779
 1990779
 1990779
 1992796
 1992796
 1992796
 1992796
 1992796
 1992796
 1992796
 2000700
 2000700
 2000700
 2002725
 2002725
 2002725
 2002725
 2002725
 2002725
 2002725
 2002725
 2002725
 2002725
 2002725
 2004750
 2004750
 2004750
 2004750
 2004750
 2004750
 2004750
 2004750
 2004750
 2004750
 2004750
 2004750
 2006775
 2006775
 2006775
 2006775
 2006775
 2006775
 2006775
 2006775
 2006775
 2006775
 2006775
 2006775
 2008800
 2015744
 2015744
 2015744
 2015744
 2015744
 2015744
 2015744
 2015744
 2015744
 2015744
 2015744
 2015744
 2017776
 2017776
 2017776
 2017776
 2017776
 2017776
 2017776
 2017776
 2017776
 2017776
 2017776
 2017776
 2017776
 2017776
 2019808
 2019808
 2019808
 2019808
 2019808
 2019808
 2019808
 2019808
 2019808
 2019808
 2019808
 2019808
 2019808
 2024778
 2024778
 2026815
 2026815
 2026815
 2026815
 2026815
 2026815
 2026815
 2026815
 2026815
 2026815
 2026815
 2026815
 2026815
 2026815
 2026815
 2026815
 2026815
 2028852
 2028852
 2028852
 2028852
 2028852
 2028852
 2028852
 2028852
 2028852
 2028852
 2028852
 2028852
 2028852
 2028852
 2028852
 2028852
 2028852
 2028852
 2028852
 2030889
 2034877
 2034877
 2034877
 2034877
 2034877
 2034877
 2034877
 2034877
 2034877
 2034877
 2034877
 2034877
 2034877
 2034877
 2034877
 2034877
 2034877
 2034877
 2034877
 2034877
 2034877
 2034877
 2036918
 2036918
 2036918
 2036918
 2036918
 2036918
 2036918
 2036918
 2036918
 2036918
 2036918
 2036918
 2036918
 2036918
 2036918
 2036918
 2036918
 2040910
 2040910
 2040910
 2040910
 2040910
 2040910
 2040910
 2040910
 2040910
 2040910
 2040910
 2040910
 2042955
 2042955
 2042955
 2042955
 2042955
 2042955
 2042955
 2042955
 2042955
 2042955
 2042955
 2042955
 2042955
 2042955
 2042955
 2042955
 2042955
 2042955
 2042955
 2042955
 2042955
 2042955
 2042955
 2042955
 2042955
 2042955
 2042955
 2043954
 2043954
 2043954
 2043954
 2043954
 2043954
 2043954
 2043954
 2043954
 2043954
 2043954
 2043954
 2043954
 2043954
 2043954
 2043954
 2043954
 2043954
 2043954
 2043954
 2043954
 2043954
 2043954
 2043954
 2043954
 2043954
 2043954
 2043954
 2043954
 2043954
 2043954
 2043954
 2043954
 2043954
 2043954
 2043954
 2043954
 2043954
 2043954
 2043954
 2044953
 2044953
 2044953
 2044953
 2047000
 2044953
 2044953
 2044953
 2044953
 2044953
 2044953
 2044953
 2044953
 2044953
 2044953
 2044953
 2044953
 2044953
 2044953
 2044953
 2044953
 2044953
 2044953
 2044953
 2044953
 2044953
 2044953
 2044953
 2044953
 2044953
 2044953
 2044953
 2044953
 2044953
 2044953
 2044953
 2044953
 2044953
 2044953
 2043954
 2043954
 2043954
 2043954
 2043954
 2043954
 2043954
 2043954
 2043954
 2043954
 2043954
 2043954
 2043954
 2043954
 2043954
 2043954
 2043954
 2043954
 2043954
 2043954
 2043954
 2043954
 2043954
 2043954
 2043954
 2043954
 2043954
 2043954
 2043954
 2043954
 2043954
 2043954
 2043954
 2043954
 2043954
 2043954
 2043954
 2041908
 2041908
 2040910
 2040910
 2040910
 2040910
 2040910
 2040910
 2040910
 2040910
 2040910
 2040910
 2040910
 2040910
 2040910
 2040910
 2040910
 2040910
 2040910
 2040910
 2040910
 2040910
 2040910
 2040910
 2040910
 2040910
 2040910
 2040910
 2040910
 2038865
 2038865
 2038865
 2038865
 2038865
 2038865
 2038865
 2038865
 2038865
 2038865
 2038865
 2038865
 2034877
 2034877
 2034877
 2034877
 2034877
 2034877
 2034877
 2034877
 2034877
 2034877
 2034877
 2032836
 2032836
 2032836
 2032836
 2032836
 2032836
 2032836
 2032836
 2032836
 2032836
 2032836
 2032836
 2032836
 2032836
 2032836
 2032836
 2032836
 2032836
 2032836
 2030795
 2030795
 2030795
 2030795
 2030795
 2030795
 2030795
 2030795
 2030795
 2026815
 2026815
 2026815
 2026815
 2026815
 2026815
 2026815
 2026815
 2024778
 2024778
 2024778
 2024778
 2024778
 2024778
 2024778
 2024778
 2024778
 2024778
 2024778
 2024778
 2024778
 2024778
 2024778
 2022741
 2022741
 2022741
 2022741
 2022741
 2022741
 2022741
 2022741
 2022741
 2022741
 2022741
 2022741
 2022741
 2022741
 2020704
 2020704
 2015744
 2015744
 2015744
 2015744
 2015744
 2015744
 2015744
 2015744
 2015744
 2015744
 2015744
 2013712
 2013712
 2013712
 2013712
 2013712
 2013712
 2013712
 2013712
 2013712
 2013712
 2013712
 2013712
 2011680
 2011680
 2011680
 2011680
 2011680
 2011680
 2011680
 2011680
 2011680
 2011680
 2011680
 2011680
 2009648
 2009648
 2009648
 2009648
 2002725
 2002725
 2002725
 2002725
 2002725
 2002725
 2002725
 2000700
 2000700
 2000700
 2000700
 2000700
 2000700
 2000700
 2000700
 2000700
 2000700
 1998675
 1998675
 1998675
 1998675
 1998675
 1998675
 1998675
 1998675
 1998675
 1998675
 1996650
 1996650
 1996650
 1996650
 1996650
 1996650
 1996650
 1996650
 1996650
 1996650
 1994625
 1994625
 1986745
 1986745
 1986745
 1986745
 1986745
 1986745
 1986745
 1986745
 1984728
 1984728
 1984728
 1984728
 1984728
 1984728
 1984728
 1984728
 1984728
 1982711
 1982711
 1982711
 1982711
 1982711
 1982711
 1982711
 1982711
 1980694
 1980694
 1980694
 1980694
 1980694
 1980694
 1980694
 1980694
 1980694
 1978677
 1978677
 1978677
 1978677
 1978677
 1969848
 1969848
 1969848
 1967840
 1967840
 1967840
 1967840
 1967840
 1967840
 1967840
 1967840
 1965832
 1965832
 1965832
 1965832
 1965832
 1965832
 1965832
 1965832
 1963824
 1963824
 1963824
 1963824
 1963824
 1963824
 1963824
 1963824
 1961816
 1961816
 1961816
 1961816
 1961816
 1961816
 1961816
 1961816
 1959808
 1959808
 1959808
 1959808
 1949072
 1949072
 1949072
 1947075
 1947075
 1947075
 1947075
 1947075
 1947075
 1947075
 1945078
 1945078
 1945078
 1945078
 1945078
 1945078
 1945078
 1943081
 1943081
 1943081
 1943081
 1943081
 1943081
 1943081
 1941084
 1941084
 1941084
 1941084
 1941084
 1941084
 1941084
 1939087
 1939087
 1939087
 1939087
 1939087
 1939087
 1939087
 1937090
 1926420
 1926420
 1926420
 1926420
 1926420
 1924434
 1924434
 1924434
 1924434
 1924434
 1924434
 1924434
 1922448
 1922448
 1922448
 1922448
 1922448
 1922448
 1920462
 1920462
 1920462
 1920462
 1920462
 1920462
 1920462
 1918476
 1918476
 1918476
 1918476
 1918476
 1918476
 1916490
 1916490
 1916490
 1916490
 1916490
 1916490
 1914504
 1914504
 1901972
 1901972
 1901972
 1901972
 1899999
 1899999
 1899999
 1899999
 1899999
 1899999
 1898026
 1898026
 1898026
 1898026
 1898026
 1898026
 1896053
 1896053
 1896053
 1896053
 1896053
 1894080
 1894080
 1894080
 1894080
 1894080
 1894080
 1892107
 1892107
 1892107
 1892107
 1892107
 1892107
 1890134
 1890134
 1890134
 1890134
 1890134
 1888161
 1874763
 1874763
 1874763
 1874763
 1874763
 1872804
 1872804
 1872804
 1872804
 1872804
 1870845
 1870845
 1870845
 1870845
 1870845
 1870845
 1868886
 1868886
 1868886
 1868886
 1868886
 1866927
 1866927
 1866927
 1866927
 1866927
 1864968
 1864968
 1864968
 1864968
 1864968
 1864968
 1863009
 1863009
 1863009
 1863009
 1863009
 1861050
 1861050
 1846800
 1846800
 1846800
 1844856
 1844856
 1844856
 1844856
 1844856
 1842912
 1842912
 1842912
 1842912
 1842912
 1840968
 1840968
 1840968
 1840968
 1840968
 1839024
 1839024
 1839024
 1839024
 1839024
 1837080
 1837080
 1837080
 1837080
 1837080
 1835136
 1835136
 1835136
 1835136
 1835136
 1833192
 1833192
 1833192
 1833192
 1831248
 1831248
 1815234
 1815234
 1815234
 1813307
 1813307
 1813307
 1813307
 1813307
 1811380
 1811380
 1811380
 1811380
 1811380
 1809453
 1809453
 1809453
 1809453
 1807526
 1807526
 1807526
 1807526
 1807526
 1805599
 1805599
 1805599
 1805599
 1803672
 1803672
 1803672
 1803672
 1803672
 1801745
 1801745
 1801745
 1801745
 1799818
 1799818
 1799818
 1799818
 1783940
 1782030
 1782030
 1782030
 1782030
 1780120
 1780120
 1780120
 1780120
 1780120
 1778210
 1778210
 1778210
 1778210
 1776300
 1776300
 1776300
 1776300
 1776300
 1774390
 1774390
 1774390
 1774390
 1772480
 1772480
 1772480
 1772480
 1770570
 1770570
 1770570
 1770570
 1768660
 1768660
 1768660
 1768660
 1768660
 1766750
 1766750
 1766750
 1766750
 1747284
 1747284
 1747284
 1747284
 1745393
 1745393
 1745393
 1745393
 1743502
 1743502
 1743502
 1743502
 1741611
 1741611
 1741611
 1741611
 1739720
 1739720
 1739720
 1739720
 1737829
 1737829
 1737829
 1737829
 1735938
 1735938
 1735938
 1735938
 1735938
 1734047
 1734047
 1734047
 1734047
 1732156
 1732156
 1732156
 1730265
 1730265
 1730265
 1711965
 1710094
 1710094
 1710094
 1710094
 1708223
 1708223
 1708223
 1708223
 1706352
 1706352
 1706352
 1706352
 1704481
 1704481
 1704481
 1704481
 1702610
 1702610
 1702610
 1702610
 1700739
 1700739
 1700739
 1700739
 1698868
 1698868
 1698868
 1698868
 1696997
 1696997
 1696997
 1695126
 1695126
 1695126
 1695126
 1693255
 1693255
 1693255
 1674250
 1672400
 1672400
 1672400
 1672400
 1670550
 1670550
 1670550
 1668700
 1668700
 1668700
 1668700
 1666850
 1666850
 1666850
 1666850
 1665000
 1665000
 1665000
 1663150
 1663150
 1663150
 1663150
 1661300
 1661300
 1661300
 1661300
 1659450
 1659450
 1659450
 1657600
 1657600
 1657600
 1657600
 1655750
 1655750
 1655750
 1653900
 1653900
 1634232
 1634232
 1632404
 1632404
 1632404
 1630576
 1630576
 1630576
 1630576
 1628748
 1628748
 1628748
 1628748
 1626920
 1626920
 1626920
 1625092
 1625092
 1625092
 1625092
 1623264
 1623264
 1623264
 1621436
 1621436
 1621436
 1619608
 1619608
 1619608
 1619608
 1617780
 1617780
 1617780
 1615952
 1615952
 1615952
 1615952
 1614124
 1614124
 1593815
 1592010
 1592010
 1592010
 1590205
 1590205
 1590205
 1590205
 1588400
 1588400
 1588400
 1586595
 1586595
 1586595
 1586595
 1584790
 1584790
 1584790
 1582985
 1582985
 1582985
 1581180
 1581180
 1581180
 1581180
 1579375
 1579375
 1579375
 1577570
 1577570
 1577570
 1575765
 1575765
 1575765
 1573960
 1573960
 1573960
 1573960
 1572155
 1551251
 1551251
 1549470
 1549470
 1549470
 1547689
 1547689
 1547689
 1545908
 1545908
 1545908
 1545908
 1544127
 1544127
 1544127
 1542346
 1542346
 1542346
 1540565
 1540565
 1540565
 1538784
 1538784
 1538784
 1537003
 1537003
 1537003
 1535222
 1535222
 1535222
 1535222
 1533441
 1533441
 1533441
 1531660
 1531660
 1531660
 1529879
 1529879
 1508404
 1506648
 1506648
 1506648
 1504892
 1504892
 1504892
 1503136
 1503136
 1503136
 1501380
 1501380
 1501380
 1499624
 1499624
 1499624
 1497868
 1497868
 1497868
 1496112
 1496112
 1496112
 1494356
 1494356
 1494356
 1492600
 1492600
 1492600
 1492600
 1490844
 1490844
 1490844
 1489088
 1489088
 1489088
 1487332
 1487332
 1487332
 1485576
 1462734
 1462734
 1461005
 1461005
 1461005
 1459276
 1459276
 1457547
 1457547
 1457547
 1455818
 1455818
 1455818
 1454089
 1454089
 1454089
 1452360
 1452360
 1452360
 1450631
 1450631
 1450631
 1448902
 1448902
 1448902
 1447173
 1447173
 1447173
 1445444
 1445444
 1445444
 1443715
 1443715
 1443715
 1441986
 1441986
 1441986
 1440257
 1440257
 1417766
 1416064
 1416064
 1414362
 1414362
 1414362
 1412660
 1412660
 1412660
 1410958
 1410958
 1410958
 1409256
 1409256
 1409256
 1407554
 1407554
 1407554
 1405852
 1405852
 1405852
 1404150
 1404150
 1402448
 1402448
 1402448
 1400746
 1400746
 1400746
 1399044
 1399044
 1399044
 1397342
 1397342
 1397342
 1395640
 1395640
 1393938
 1393938
 1371006
 1369332
 1369332
 1369332
 1367658
 1367658
 1367658
 1365984
 1365984
 1364310
 1364310
 1364310
 1362636
 1362636
 1362636
 1360962
 1360962
 1360962
 1359288
 1359288
 1357614
 1357614
 1357614
 1355940
 1355940
 1355940
 1354266
 1354266
 1354266
 1352592
 1352592
 1350918
 1350918
 1350918
 1349244
 1349244
 1349244
 1347570
 1347570
 1321776
 1321776
 1321776
 1320132
 1320132
 1320132
 1318488
 1318488
 1316844
 1316844
 1316844
 1315200
 1315200
 1315200
 1313556
 1313556
 1311912
 1311912
 1311912
 1310268
 1310268
 1310268
 1308624
 1308624
 1306980
 1306980
 1306980
 1305336
 1305336
 1303692
 1303692
 1303692
 1302048
 1302048
 1302048
 1300404
 1300404
 1298760
 1298760
 1275060
 1273446
 1273446
 1271832
 1271832
 1271832
 1270218
 1270218
 1270218
 1268604
 1268604
 1266990
 1266990
 1266990
 1265376
 1265376
 1263762
 1263762
 1263762
 1262148
 1262148
 1260534
 1260534
 1260534
 1258920
 1258920
 1258920
 1257306
 1257306
 1255692
 1255692
 1255692
 1254078
 1254078
 1252464
 1252464
 1252464
 1250850
 1250850
 1224468
 1224468
 1224468
 1222886
 1222886
 1221304
 1221304
 1221304
 1219722
 1219722
 1218140
 1218140
 1218140
 1216558
 1216558
 1214976
 1214976
 1214976
 1213394
 1213394
 1211812
 1211812
 1211812
 1210230
 1210230
 1208648
 1208648
 1208648
 1207066
 1207066
 1205484
 1205484
 1205484
 1203902
 1203902
 1202320
 1202320
 1200738
 1200738
 1176450
 1174900
 1174900
 1173350
 1173350
 1173350
 1171800
 1171800
 1170250
 1170250
 1170250
 1168700
 1168700
 1167150
 1167150
 1167150
 1165600
 1165600
 1164050
 1164050
 1162500
 1162500
 1162500
 1160950
 1160950
 1159400
 1159400
 1159400
 1157850
 1157850
 1156300
 1156300
 1154750
 1154750
 1154750
 1153200
 1153200
 1151650
 1151650
 1127131
 1125614
 1125614
 1124097
 1124097
 1122580
 1122580
 1122580
 1121063
 1121063
 1119546
 1119546
 1118029
 1118029
 1118029
 1116512
 1116512
 1114995
 1114995
 1113478
 1113478
 1113478
 1111961
 1111961
 1110444
 1110444
 1108927
 1108927
 1108927
 1107410
 1107410
 1105893
 1105893
 1104376
 1104376
 1104376
 1102859
 1102859
 1101342
 1076658
 1075175
 1075175
 1075175
 1073692
 1073692
 1072209
 1072209
 1070726
 1070726
 1070726
 1069243
 1069243
 1067760
 1067760
 1066277
 1066277
 1066277
 1064794
 1064794
 1063311
 1063311
 1061828
 1061828
 1060345
 1060345
 1060345
 1058862
 1058862
 1057379
 1057379
 1055896
 1055896
 1054413
 1054413
 1054413
 1052930
 1052930
 1051447
 1051447
 1024476
 1024476
 1023029
 1023029
 1023029
 1021582
 1021582
 1020135
 1020135
 1018688
 1018688
 1017241
 1017241
 1017241
 1015794
 1015794
 1014347
 1014347
 1012900
 1012900
 1011453
 1011453
 1011453
 1010006
 1010006
 1008559
 1008559
 1007112
 1007112
 1005665
 1005665
 1005665
 1004218
 1004218
 1002771
 1002771
 1001324
 1001324
  999877
  975001
  973590
  973590
  973590
  972179
  972179
  970768
  970768
  969357
  969357
  967946
  967946
  966535
  966535
  966535
  965124
  965124
  963713
  963713
  962302
  962302
  960891
  960891
  959480
  959480
  958069
  958069
  958069
  956658
  956658
  955247
  955247
  953836
  953836
  952425
  952425
  951014
  951014
  949603
  925375
  925375
  924000
  924000
  922625
  922625
  921250
  921250
  919875
  919875
  918500
  918500
  917125
  917125
  915750
  915750
  915750
  914375
  914375
  913000
  913000
  911625
  911625
  910250
  910250
  908875
  908875
  907500
  907500
  906125
  906125
  904750
  904750
  904750
  903375
  903375
  902000
  902000
  900625
  875735
  874398
  874398
  873061
  873061
  871724
  871724
  870387
  870387
  869050
  869050
  867713
  867713
  866376
  866376
  866376
  865039
  865039
  863702
  863702
  862365
  862365
  861028
  861028
  859691
  859691
  858354
  858354
  857017
  857017
  855680
  855680
  854343
  854343
  853006
  853006
  851669
  851669
  850332
  826164
  824865
  824865
  824865
  823566
  823566
  822267
  822267
  820968
  820968
  819669
  819669
  818370
  818370
  817071
  817071
  815772
  815772
  814473
  814473
  813174
  813174
  811875
  811875
  810576
  810576
  809277
  809277
  807978
  807978
  806679
  806679
  805380
  805380
  804081
  804081
  802782
  802782
  801483
  776803
  775544
  775544
  774285
  774285
  773026
  773026
  771767
  771767
  770508
  770508
  769249
  769249
  767990
  767990
  766731
  766731
  765472
  765472
  764213
  764213
  762954
  762954
  761695
  761695
  760436
  760436
  759177
  759177
  757918
  757918
  756659
  756659
  755400
  755400
  754141
  754141
  752882
  752882
  727743
  727743
  726524
  726524
  725305
  725305
  724086
  724086
  722867
  722867
  721648
  721648
  720429
  720429
  719210
  719210
  717991
  717991
  716772
  716772
  715553
  715553
  714334
  714334
  713115
  713115
  711896
  711896
  710677
  710677
  709458
  709458
  708239
  708239
  707020
  707020
  705801
  705801
  704582
  681462
  680283
  680283
  679104
  679104
  677925
  677925
  676746
  675567
  675567
  674388
  674388
  673209
  673209
  672030
  672030
  670851
  670851
  669672
  669672
  668493
  668493
  667314
  667314
  666135
  666135
  664956
  664956
  663777
  663777
  662598
  662598
  661419
  661419
  660240
  660240
  659061
  657882
  657882
  633309
  633309
  632172
  632172
  631035
  631035
  629898
  629898
  628761
  628761
  627624
  627624
  626487
  626487
  625350
  625350
  624213
  624213
  623076
  621939
  621939
  620802
  620802
  619665
  619665
  618528
  618528
  617391
  617391
  616254
  616254
  615117
  615117
  613980
  613980
  612843
  612843
  611706
  610569
  588015
  586920
  586920
  585825
  585825
  584730
  584730
  583635
  583635
  582540
  582540
  581445
  581445
  580350
  579255
  579255
  578160
  578160
  577065
  577065
  575970
  575970
  574875
  574875
  573780
  573780
  572685
  572685
  571590
  570495
  570495
  569400
  569400
  568305
  568305
  567210
  567210
  566115
  566115
  542832
  542832
  541780
  540728
  540728
  539676
  539676
  538624
  538624
  537572
  537572
  536520
  536520
  535468
  535468
  534416
  533364
  533364
  532312
  532312
  531260
  531260
  530208
  530208
  529156
  529156
  528104
  527052
  527052
  526000
  526000
  524948
  524948
  523896
  523896
  522844
  522844
  521792
  521792
  499455
  498446
  498446
  497437
  497437
  496428
  496428
  495419
  495419
  494410
  493401
  493401
  492392
  492392
  491383
  491383
  490374
  490374
  489365
  489365
  488356
  487347
  487347
  486338
  486338
  485329
  485329
  484320
  484320
  483311
  482302
  482302
  481293
  481293
  480284
  480284
  479275
  479275
  478266
  457410
  456445
  455480
  455480
  454515
  454515
  453550
  453550
  452585
  452585
  451620
  450655
  450655
  449690
  449690
  448725
  448725
  447760
  447760
  446795
  445830
  445830
  444865
  444865
  443900
  443900
  442935
  442935
  441970
  441005
  441005
  440040
  440040
  439075
  439075
  438110
  437145
  437145
  436180
  415840
  414920
  414920
  414000
  414000
  413080
  412160
  412160
  411240
  411240
  410320
  410320
  409400
  409400
  408480
  407560
  407560
  406640
  406640
  405720
  405720
  404800
  403880
  403880
  402960
  402960
  402040
  402040
  401120
  400200
  400200
  399280
  399280
  398360
  398360
  397440
  397440
  396520
  395600
  376250
  375375
  375375
  374500
  374500
  373625
  372750
  372750
  371875
  371875
  371000
  371000
  370125
  369250
  369250
  368375
  368375
  367500
  367500
  366625
  365750
  365750
  364875
  364875
  364000
  364000
  363125
  362250
  362250
  361375
  361375
  360500
  360500
  359625
  358750
  358750
  357875
  357875
  357000
  338640
  337810
  336980
  336980
  336150
  336150
  335320
  335320
  334490
  333660
  333660
  332830
  332830
  332000
  332000
  331170
  330340
  330340
  329510
  329510
  328680
  327850
  327850
  327020
  327020
  326190
  326190
  325360
  324530
  324530
  323700
  323700
  322870
  322870
  322040
  321210
  321210
  320380
  320380
  319550
  301455
  300672
  299889
  299889
  299106
  299106
  298323
  297540
  297540
  296757
  296757
  295974
  295974
  295191
  294408
  294408
  293625
  293625
  292842
  292059
  292059
  291276
  291276
  290493
  290493
  289710
  288927
  288927
  288144
  288144
  287361
  286578
  286578
  285795
  285795
  285012
  285012
  284229
  283446
  266794
  266057
  266057
  265320
  264583
  264583
  263846
  263846
  263109
  262372
  262372
  261635
  261635
  260898
  260898
  260161
  259424
  259424
  258687
  258687
  257950
  257213
  257213
  256476
  256476
  255739
  255739
  255002
  254265
  254265
  253528
  253528
  252791
  252054
  252054
  251317
  251317
  250580
  249843
  233910
  233220
  233220
  232530
  231840
  231840
  231150
  231150
  230460
  230460
  229770
  229080
  229080
  228390
  228390
  227700
  227010
  227010
  226320
  226320
  225630
  224940
  224940
  224250
  224250
  223560
  222870
  222870
  222180
  222180
  221490
  220800
  220800
  220110
  220110
  219420
  218730
  218730
  218040
  202872
  202230
  201588
  201588
  200946
  200946
  200304
  200304
  199662
  199020
  199020
  198378
  198378
  197736
  197094
  197094
  196452
  196452
  195810
  195168
  195168
  194526
  194526
  193884
  193242
  193242
  192600
  192600
  191958
  191316
  191316
  190674
  190674
  190032
  189390
  189390
  188748
  188748
  188106
  173448
  173448
  172854
  172854
  172260
  171666
  171666
  171072
  171072
  170478
  169884
  169884
  169290
  169290
  168696
  168102
  168102
  167508
  167508
  166914
  166320
  166320
  165726
  165132
  165132
  164538
  164538
  163944
  163350
  163350
  162756
  162756
  162162
  161568
  161568
  160974
  160974
  160380
  159786
  146874
  146328
  146328
  145782
  145236
  145236
  144690
  144690
  144144
  143598
  143598
  143052
  143052
  142506
  141960
  141960
  141414
  141414
  140868
  140322
  140322
  139776
  139230
  139230
  138684
  138684
  138138
  137592
  137592
  137046
  137046
  136500
  135954
  135954
  135408
  135408
  134862
  134316
  134316
  121765
  121765
  121268
  120771
  120771
  120274
  119777
  119777
  119280
  119280
  118783
  118286
  118286
  117789
  117789
  117292
  116795
  116795
  116298
  116298
  115801
  115304
  115304
  114807
  114807
  114310
  113813
  113813
  113316
  112819
  112819
  112322
  112322
  111825
  111328
  111328
  110831
  110831
  110334
   99229
   99229
   98780
   98331
   98331
   97882
   97882
   97433
   96984
   96984
   96535
   96535
   96086
   95637
   95637
   95188
   95188
   94739
   94290
   94290
   93841
   93392
   93392
   92943
   92943
   92494
   92045
   92045
   91596
   91596
   91147
   90698
   90698
   90249
   89800
   89800
   89351
   89351
   88902
   78603
   78603
   78204
   78204
   77805
   77406
   77406
   77007
   76608
   76608
   76209
   76209
   75810
   75411
   75411
   75012
   74613
   74613
   74214
   74214
   73815
   73416
   73416
   73017
   73017
   72618
   72219
   72219
   71820
   71421
   71421
   71022
   71022
   70623
   70224
   70224
   69825
   69825
   69426
   60550
   60550
   60200
   59850
   59850
   59500
   59500
   59150
   58800
   58800
   58450
   58100
   58100
   57750
   57750
   57400
   57050
   57050
   56700
   56700
   56350
   56000
   56000
   55650
   55300
   55300
   54950
   54950
   54600
   54250
   54250
   53900
   53550
   53550
   53200
   53200
   52850
   52500
   52500
   44700
   44400
   44400
   44100
   44100
   43800
   43500
   43500
   43200
   43200
   42900
   42600
   42600
   42300
   42000
   42000
   41700
   41700
   41400
   41100
   41100
   40800
   40500
   40500
   40200
   40200
   39900
   39600
   39600
   39300
   39000
   39000
   38700
   38700
   38400
   38100
   38100
   37800
   37500
   31375
   31124
   31124
   30873
   30622
   30622
   30371
   30120
   30120
   29869
   29869
   29618
   29367
   29367
   29116
   28865
   28865
   28614
   28614
   28363
   28112
   28112
   27861
   27610
   27610
   27359
   27359
   27108
   26857
   26857
   26606
   26355
   26355
   26104
   26104
   25853
   25602
   25602
   25351
   20100
   20100
   19899
   19899
   19698
   19497
   19497
   19296
   19095
   19095
   18894
   18894
   18693
   18492
   18492
   18291
   18090
   18090
   17889
   17889
   17688
   17487
   17487
   17286
   17085
   17085
   16884
   16884
   16683
   16482
   16482
   16281
   16080
   16080
   15879
   15879
   15678
   15477
   15477
   11476
   11325
   11325
   11174
   11174
   11023
   10872
   10872
   10721
   10570
   10570
   10419
   10419
   10268
   10117
   10117
    9966
    9815
    9815
    9664
    9664
    9513
    9362
    9362
    9211
    9060
    9060
    8909
    8909
    8758
    8607
    8607
    8456
    8305
    8305
    8154
    8154
    8003
    7852
    5200
    5100
    5000
    5000
    4900
    4800
    4800
    4700
    4700
    4600
    4500
    4500
    4400
    4300
    4300
    4200
    4200
    4100
    4000
    4000
    3900
    3800
    3800
    3700
    3700
    3600
    3500
    3500
    3400
    3300
    3300
    3200
    3200
    3100
    3000
    3000
    2900
    2800
    2800
    1350
    1350
    1300
    1250
    1250
    1200
    1150
    1150
    1100
    1050
    1050
    1000
    1000
     950
     900
     900
     850
     800
     800
     750
     750
     700
     650
     650
     600
     550
     550
     500
     500
     450
     400
     400
     350
     300
     300
     250
     250
     200
     150
     150
       0
       0
       0
