       0        0
    1944      642
    2438    -3288
   -3537    -5022
   -9795     2970
    -300    12276
   13608     4494
    9752   -13152
  -11790   -16740
  -21549     6534
    -600    24552
   25272     8346
   18285   -24660
  -18864   -26784
  -33303    10098
    -900    36828
   38880    12840
   25599   -34524
  -25938   -36828
  -45057    13662
   -1250    51150
   50544    16692
   32913   -44388
  -33012   -46872
  -58770    17820
   -1550    63426
   62208    20544
   40227   -54252
  -41265   -58590
  -70524    21384
   -1850    75702
   73872    24396
   48760   -65760
  -48339   -68634
  -82278    24948
   -2150    87978
   87480    28890
   56074   -75624
  -55413   -78678
  -94032    28512
   -2500   102300
   99144    32742
   63388   -85488
  -63666   -90396
 -107745    32670
   -2800   114576
  110808    36594
   71921   -96996
  -70740  -100440
 -119499    36234
   -3100   126852
  124416    41088
   79235  -106860
  -77814  -110484
 -131253    39798
   -3450   141174
  136080    44940
   86549  -116724
  -84888  -120528
 -144966    43956
   -3750   153450
  147744    48792
   93863  -126588
  -93141  -132246
 -156720    47520
   -4050   165726
  159408    52644
  102396  -138096
 -100215  -142290
 -168474    51084
   -4350   178002
  173016    57138
  109710  -147960
 -107289  -152334
 -180228    54648
   -4700   192324
  184680    60990
  117024  -157824
 -114363  -162378
 -193941    58806
   -5000   204600
  196344    64842
  124338  -167688
 -122616  -174096
 -205695    62370
   -5300   216876
  208008    68694
  132871  -179196
 -129690  -184140
 -217449    65934
   -5600   229152
  221616    73188
  140185  -189060
 -136764  -194184
 -229203    69498
   -5950   243474
  233280    77040
  147499  -198924
 -143838  -204228
 -242916    73656
   -6250   255750
  244944    80892
  154813  -208788
 -152091  -215946
 -254670    77220
   -6550   268026
  256608    84744
  163346  -220296
 -159165  -225990
 -266424    80784
   -6850   280302
  270216    89238
  170660  -230160
 -166239  -236034
 -278178    84348
   -7200   294624
  281880    93090
  177974  -240024
 -173313  -246078
 -289932    87912
   -7500   306900
  293544    96942
  185288  -249888
 -180387  -256122
 -303645    92070
   -7800   319176
  305208   100794
  192602  -259752
 -188640  -267840
 -315399    95634
   -8100   331452
  316872   104646
  201135  -271260
 -195714  -277884
 -327153    99198
   -8400   343728
  330480   109140
  208449  -281124
 -202788  -287928
 -338907   102762
   -8750   358050
  342144   112992
  215763  -290988
 -209862  -297972
 -350661   106326
   -9050   370326
  353808   116844
  223077  -300852
 -216936  -308016
 -364374   110484
   -9350   382602
  365472   120696
  230391  -310716
 -225189  -319734
 -376128   114048
   -9650   394878
  377136   124548
  238924  -322224
 -232263  -329778
 -387882   117612
   -9950   407154
  388800   128400
  246238  -332088
 -239337  -339822
 -399636   121176
  -10250   419430
  402408   132894
  253552  -341952
 -246411  -349866
 -411390   124740
  -10600   433752
  414072   136746
  260866  -351816
 -253485  -359910
 -423144   128304
  -10900   446028
  425736   140598
  268180  -361680
 -260559  -369954
 -436857   132462
  -11200   458304
  437400   144450
  275494  -371544
 -267633  -379998
 -448611   136026
  -11500   470580
  449064   148302
  282808  -381408
 -275886  -391716
 -460365   139590
  -11800   482856
  460728   152154
  290122  -391272
 -282960  -401760
 -472119   143154
  -12100   495132
  472392   156006
  298655  -402780
 -290034  -411804
 -483873   146718
  -12400   507408
  484056   159858
  305969  -412644
 -297108  -421848
 -495627   150282
  -12700   519684
  495720   163710
  313283  -422508
 -304182  -431892
 -507381   153846
  -13000   531960
  509328   168204
  320597  -432372
 -311256  -441936
 -519135   157410
  -13300   544236
  520992   172056
  327911  -442236
 -318330  -451980
 -530889   160974
  -13600   556512
  532656   175908
  335225  -452100
 -325404  -462024
 -542643   164538
  -13900   568788
  544320   179760
  342539  -461964
 -332478  -472068
 -554397   168102
  -14250   583110
  555984   183612
  349853  -471828
 -339552  -482112
 -566151   171666
  -14550   595386
  567648   187464
  357167  -481692
 -346626  -492156
 -577905   175230
  -14850   607662
  579312   191316
  364481  -491556
 -353700  -502200
 -589659   178794
  -15150   619938
  590976   195168
  371795  -501420
 -360774  -512244
 -601413   182358
  -15450   632214
  602640   199020
  379109  -511284
 -367848  -522288
 -613167   185922
  -15700   642444
  614304   202872
  386423  -521148
 -374922  -532332
 -624921   189486
  -16000   654720
  625968   206724
  393737  -531012
 -381996  -542376
 -636675   193050
  -16300   666996
  637632   210576
  401051  -540876
 -389070  -552420
 -648429   196614
  -16600   679272
  649296   214428
  408365  -550740
 -396144  -562464
 -660183   200178
  -16900   691548
  659016   217638
  415679  -560604
 -403218  -572508
 -671937   203742
  -17200   703824
  670680   221490
  422993  -570468
 -410292  -582552
 -683691   207306
  -17500   716100
  682344   225342
  429088  -578688
 -417366  -592596
 -695445   210870
  -17800   728376
  694008   229194
  436402  -588552
 -423261  -600966
 -707199   214434
  -18100   740652
  705672   233046
  443716  -598416
 -430335  -611010
 -716994   217404
  -18400   752928
  717336   236898
  451030  -608280
 -437409  -621054
 -728748   220968
  -18650   763158
  729000   240750
  458344  -618144
 -444483  -631098
 -740502   224532
  -18950   775434
  738720   243960
  465658  -628008
 -451557  -641142
 -752256   228096
  -19250   787710
  750384   247812
  471753  -636228
 -458631  -651186
 -764010   231660
  -19550   799986
  762048   251664
  479067  -646092
 -464526  -659556
 -773805   234630
  -19850   812262
  773712   255516
  486381  -655956
 -471600  -669600
 -785559   238194
  -20100   822492
  785376   259368
  493695  -665820
 -478674  -679644
 -797313   241758
  -20400   834768
  795096   262578
  499790  -674040
 -485748  -689688
 -809067   245322
  -20700   847044
  806760   266430
  507104  -683904
 -491643  -698058
 -818862   248292
  -21000   859320
  818424   270282
  514418  -693768
 -498717  -708102
 -830616   251856
  -21250   869550
  828144   273492
  521732  -703632
 -505791  -718146
 -842370   255420
  -21550   881826
  839808   277344
  527827  -711852
 -511686  -726516
 -852165   258390
  -21850   894102
  851472   281196
  535141  -721716
 -518760  -736560
 -863919   261954
  -22100   904332
  861192   284406
  542455  -731580
 -525834  -746604
 -875673   265518
  -22400   916608
  872856   288258
  548550  -739800
 -531729  -754974
 -885468   268488
  -22650   926838
  884520   292110
  555864  -749664
 -538803  -765018
 -897222   272052
  -22950   939114
  894240   295320
  561959  -757884
 -544698  -773388
 -908976   275616
  -23250   951390
  905904   299172
  569273  -767748
 -551772  -783432
 -918771   278586
  -23500   961620
  915624   302382
  575368  -775968
 -558846  -793476
 -930525   282150
  -23800   973896
  927288   306234
  582682  -785832
 -564741  -801846
 -940320   285120
  -24050   984126
  937008   309444
  588777  -794052
 -571815  -811890
 -952074   288684
  -24350   996402
  948672   313296
  596091  -803916
 -577710  -820260
 -961869   291654
  -24600  1006632
  958392   316506
  602186  -812136
 -584784  -830304
 -973623   295218
  -24900  1018908
  970056   320358
  609500  -822000
 -590679  -838674
 -983418   298188
  -25150  1029138
  979776   323568
  615595  -830220
 -596574  -847044
 -993213   301158
  -25450  1041414
  991440   327420
  622909  -840084
 -603648  -857088
-1004967   304722
  -25700  1051644
 1001160   330630
  629004  -848304
 -609543  -865458
-1014762   307692
  -25950  1061874
 1010880   333840
  635099  -856524
 -616617  -875502
-1026516   311256
  -26250  1074150
 1022544   337692
  642413  -866388
 -622512  -883872
-1036311   314226
  -26500  1084380
 1032264   340902
  648508  -874608
 -628407  -892242
-1046106   317196
  -26750  1094610
 1041984   344112
  654603  -882828
 -635481  -902286
-1057860   320760
  -27050  1106886
 1053648   347964
  661917  -892692
 -641376  -910656
-1067655   323730
  -27300  1117116
 1063368   351174
  668012  -900912
 -647271  -919026
-1077450   326700
  -27550  1127346
 1073088   354384
  674107  -909132
 -653166  -927396
-1087245   329670
  -27800  1137576
 1082808   357594
  680202  -917352
 -660240  -937440
-1098999   333234
  -28100  1149852
 1094472   361446
  687516  -927216
 -666135  -945810
-1108794   336204
  -28350  1160082
 1104192   364656
  693611  -935436
 -672030  -954180
-1118589   339174
  -28600  1170312
 1113912   367866
  699706  -943656
 -677925  -962550
-1128384   342144
  -28850  1180542
 1123632   371076
  705801  -951876
 -683820  -970920
-1138179   345114
